100
100
11 73
27 73
4 32
0 12
40 44
14 94
32 68
52 56
29 79
54 94
77 95
86 94
71 77
51 73
40 84
32 53
12 49
0 29
12 41
8 29
32 61
36 73
39 94
77 80
34 52
16 94
22 40
12 66
9 29
12 42
14 40
24 94
69 73
72 94
29 89
32 78
12 35
18 29
9 94
19 52
32 47
10 29
11 77
4 52
3 29
12 28
23 73
29 83
32 96
59 77
63 73
52 92
58 94
75 77
73 87
94 98
40 88
12 76
40 48
17 40
20 29
1 40
1 32
5 12
25 32
32 33
37 52
40 97
64 73
52 85
60 77
32 90
2 32
5 77
12 70
12 30
40 82
57 73
65 73
73 81
40 74
13 94
12 55
6 29
7 52
21 94
32 99
45 94
93 94
32 91
46 77
50 73
29 38
23 52
31 52
32 43
26 73
32 67
29 62
15 52
