10000
10000
724 4336
145 819
73 379
195 769
2673 9555
4251 9513
5505 8259
6567 8221
4171 4473
1576 8604
2731 7961
5492 5712
9392 9492
1193 3868
1715 3858
2041 3020
2104 2957
2209 2340
708 6401
662 6959
1781 5840
3157 4464
3635 9618
4556 7673
6341 8960
7099 8202
1863 6782
2293 5840
2742 6415
1487 9718
2231 9486
3740 7977
8291 9058
144 3894
1221 4353
1570 2468
834 5764
369 5717
378 7244
850 6772
1924 4674
2347 4251
2713 4909
148 2354
179 2835
372 2642
4070 8160
6935 8879
1008 7126
2066 6580
4027 4107
2947 8259
3820 6362
3862 7856
5366 5840
665 3374
206 7417
502 7121
1020 6091
3956 9811
6124 7643
4622 9657
6033 8246
6401 8902
771 8388
850 7797
4171 4476
4252 4907
4593 5078
1209 9486
2062 9657
2281 8926
3098 8109
3740 6443
9107 9780
732 3820
1853 3723
269 7355
1221 6403
1415 5185
670 1322
2527 9705
5687 7057
130 9542
488 9184
3320 6352
3337 6335
3740 4908
4593 5079
1079 9105
3157 7027
8109 8219
834 6279
2020 4581
2221 3868
42 1439
5874 6359
6415 6842
5266 9527
6946 7847
2354 5783
3020 5117
3043 7654
4550 7171
3320 3794
3204 9542
5014 9780
5809 8473
6088 9730
509 7629
2898 5240
2919 5731
3956 5206
1143 9555
2284 8926
2757 7429
2955 8767
3334 7876
4665 6033
6915 9415
84 4471
1224 3843
3043 4072
466 3065
1020 2511
4171 8576
5572 6663
5874 6873
6035 8248
7552 8267
55 9108
184 8979
1895 7268
2822 6341
3767 4884
430 9757
3374 7837
4670 7053
1248 3820
263 6341
1499 4593
1529 5587
1662 4942
3667 3961
73 2435
3509 9751
3925 9847
4253 9007
4699 8561
4702 9070
4915 7833
5908 7352
6235 7025
4417 9867
6088 8708
6932 7352
426 8226
2648 5492
2908 6768
3042 5610
769 9419
795 9393
1020 9168
2239 9485
2731 7969
1346 3723
1899 2146
1924 3657
2058 3523
202 6915
2731 3362
35 426
397 2624
509 2512
3157 9592
5692 7057
5777 7484
6124 8673
698 8979
1961 9252
4171 6530
4861 5840
5715 6010
7362 9483
8109 9248
9046 9847
1688 2870
1221 5897
2537 5093
3763 3867
466 2556
4668 7570
5266 9532
517 8137
545 8109
1089 7053
3795 5371
4687 4991
789 9913
3240 8486
3434 6756
4242 7484
4915 5275
2340 3755
3759 3872
1151 2384
5572 7691
5280 9007
7663 8160
7714 8109
2642 9085
4417 6286
5386 6341
9105 9278
2244 2828
42 6054
1923 5709
2556 3540
2734 4898
488 1000
346 1654
552 1448
878 2146
3868 9908
6033 6207
6341 7435
4819 9469
5829 9483
6968 8344
7268 8044
769 7887
1005 8163
1541 7115
2726 6954
3549 6131
1778 8926
4914 6302
5237 6491
6492 9844
7230 9618
892 3157
2734 3875
3044 4077
3190 3931
304 3233
494 3043
3050 9703
4386 8879
4417 8848
5051 7702
5717 7036
6415 6850
7006 7283
7317 7484
7611 7702
288 9393
790 7355
552 9641
1632 8561
2058 9159
4300 7429
4932 6285
8046 8291
9117 9780
2758 2828
2857 3753
5511 8267
6440 6826
4991 9299
6124 8678
55 9627
1020 7638
1654 8028
1671 6475
2356 6302
3374 4772
1469 9237
3043 7151
4581 6637
4673 6033
6782 9556
850 3201
904 4171
1014 3549
1671 2380
1847 3740
2478 2597
1024 5587
2765 3334
82 1409
79 1924
157 2870
3413 8830
3044 5103
3440 5731
3956 5215
4162 5009
1514 9705
2081 9138
179 3873
914 4162
1007 4581
73 7563
1621 4991
2240 4884
466 1538
3273 9483
4251 7993
5436 8344
6009 6235
206 8966
2627 9105
7283 9569
1010 3043
1633 5492
2695 4942
662 1855
883 2146
4107 8650
1096 7053
1540 7121
2354 7331
1470 9751
2748 8473
2962 8259
4884 6337
7941 8912
324 5266
2226 2340
5 7121
854 6784
426 556
50 2468
1031 1487
1106 1924
2713 9533
3044 9714
3272 9486
41 8109
1151 6999
2734 5416
1224 8974
3016 7182
3044 8690
3334 8400
3622 7088
94 3961
498 4581
834 4245
73 6030
789 6338
1201 4902
2857 4270
2937 4702
145 1862
2834 9925
3520 9751
6102 7169
4740 9555
3990 5185
4417 5270
552 9647
5240 5983
8081 8262
8979 9924
1671 4945
813 2731
2763 9485
4004 9780
4251 8509
4493 8267
5329 7943
2064 6088
3016 6160
3816 4336
2828 7372
3478 7746
3880 7856
4679 6033
4819 5893
1151 4442
2253 2828
57 6560
1769 4336
769 2264
3320 8929
5192 9105
6409 8912
13 9676
1957 9780
2345 7856
3291 6910
3625 7088
4658 6567
7525 9844
8767 9626
179 5415
268 5326
769 3289
1013 4581
1258 4336
55 6563
169 6961
266 5840
1487 6155
3205 4437
2447 4171
2878 4252
434 552
509 2525
769 1753
4169 8081
5955 6295
4454 9844
6665 8657
135 9555
488 7666
506 8160
2081 6585
3233 5945
2146 8056
2279 8435
4819 5895
4874 5840
7785 8561
8109 8749
496 4075
680 4915
1254 5877
2733 3374
3024 4107
206 269
237 2286
2597 9654
3370 9393
4496 8267
4819 7432
5731 7544
6010 7265
6106 7169
6872 6915
5220 9079
7633 8202
63 8604
84 8583
376 8291
426 8241
3020 5135
3829 5350
2682 8545
4162 6041
4705 6010
4957 6782
6666 9681
149 3911
466 4618
769 3803
1528 3044
1354 5266
2279 5365
2875 3233
3209 9555
3820 9968
5877 8935
7053 8783
73 8083
173 9007
3431 5237
528 9676
1011 9705
1224 8980
7243 9105
8779 9105
8811 9073
150 3911
682 4915
2354 9899
5082 7171
5292 6961
5731 7034
6826 7475
7121 7692
7283 8042
55 8102
208 9485
2266 6915
4437 4744
5240 6501
7169 9692
9152 9757
237 4849
488 3574
1224 3350
1848 3750
733 6401
3285 3337
1487 6159
3053 4593
3233 3901
7133 7169
109 9073
77 8081
2908 5250
3595 5587
3043 8699
3801 7429
4685 7057
7171 9179
8473 8901
830 3233
1806 5329
3043 4604
84 1419
3020 9747
4086 9705
4146 8109
4920 7847
5886 6881
6734 7057
6918 7385
7355 8484
590 8081
2870 6825
3048 6135
2973 7746
3071 8160
3806 6401
8473 9414
540 3524
145 5967
783 5329
800 6336
2778 3334
397 595
3652 8604
3725 9555
3868 9412
4171 8085
4399 9393
6353 9487
7135 7169
7283 8045
57 8615
1409 7263
3157 6027
3394 6302
2618 9126
4716 5492
6695 9657
8346 9542
8401 9487
165 7484
1654 5995
1917 5220
2834 3279
2834 4815
15 466
18 1487
875 1654
1407 2146
6033 6224
6881 6912
57 9128
306 8879
771 7902
1329 7856
2272 6401
2518 8203
3398 8347
6915 9438
9105 9296
737 6401
55 6059
696 6954
1694 4932
2887 4251
3044 3070
57 2985
73 3481
2908 9350
3795 9999
5154 8128
5220 8574
5240 7530
6088 8218
6915 8927
769 7905
810 7352
2340 7358
2965 5709
3048 5114
3176 6010
1654 8556
2908 8838
3044 7166
8979 9423
509 5094
850 3217
1559 3020
397 1622
2776 9483
3956 9839
5039 9780
6955 7352
447 9252
3157 5518
2786 6401
3740 4423
1900 9847
2261 9486
3939 6784
7171 9696
55 4013
2080 3524
2339 3265
850 5778
1553 5587
2326 4814
2642 3986
3868 8392
5857 6915
6878 6918
5185 9635
268 9432
1584 6580
2324 5840
3050 6138
3280 4884
3398 5278
4581 7167
108 3961
209 4884
1565 3016
394 6235
1008 5621
1409 4708
2377 4252
3292 3337
511 2022
2731 9530
4417 8868
4932 8353
5240 7021
5717 6544
5164 9657
6665 8668
6860 8985
1009 9716
1715 8498
2764 8473
3554 7171
5113 6124
5360 5877
6510 9847
7746 8611
7898 9483
8469 8912
282 6860
789 5841
2957 4697
2957 3161
3698 3956
30 3016
160 3398
3792 8982
5194 8604
5422 7352
4932 9890
6261 8561
995 7171
552 8638
3434 4732
1008 8694
1224 7454
2668 6010
2000 7702
2888 6302
1947 8267
2259 8979
2908 7818
3868 7370
3956 7794
7677 9705
8128 9766
8919 9487
358 5249
268 6363
237 5882
1300 4819
1322 5821
1353 6302
3297 3334
846 2713
2643 9620
6622 6665
5587 9748
420 8259
1654 8049
3586 4581
4060 4107
2058 8669
3566 7673
3623 8128
7755 8604
8160 8711
3 4581
181 4915
81 4503
423 5185
2084 3524
2565 3043
1272 4336
1164 2908
1727 2857
84 6036
1005 6651
1671 5985
2058 5598
517 2531
4159 8617
4581 8195
4821 8979
5874 6390
6209 6567
5709 8603
1487 8217
1519 7673
2864 7352
2896 8344
3550 8202
4162 7590
753 3320
1409 5736
2081 4552
2292 3829
2301 3820
2910 3723
92 397
12 3549
3911 8354
6665 7136
4608 9705
4978 9847
5632 9705
6666 8671
1008 8697
2045 6124
2468 6213
2643 6550
2060 9181
2834 7895
2873 7856
3723 7518
4991 5226
5173 6580
1409 3689
55 4019
390 5220
397 4189
3791 3867
582 2468
3016 9250
4702 9100
6235 6543
5062 9252
6568 7746
7124 7702
3233 4937
2363 8879
4154 7088
6860 9502
7995 8879
8415 9483
283 3792
1409 2666
57 7602
84 7063
1409 6250
3043 4616
3318 3829
232 771
291 1224
583 2468
3086 9181
4075 8704
5229 7550
5240 8563
5492 6775
6212 6567
6234 7057
4639 9676
6194 9657
7268 7559
555 8128
827 7856
2870 5301
1802 6881
3107 6088
3955 5240
3961 4210
1020 9199
1452 8767
3029 7702
3157 7062
3459 7272
3829 7926
9076 9847
848 4252
1409 3179
681 5955
1396 5240
1671 5989
2354 4282
84 2456
851 2713
4075 8705
4567 9237
4797 9007
5709 6559
5948 7856
5266 9562
6580 7736
70 9126
2952 5220
1715 9017
1912 9844
2908 7312
3740 6992
3750 8006
4581 5639
9181 9743
1241 4884
1541 5096
1544 5093
2468 9801
3792 8989
5509 7272
5928 6341
6196 9657
6833 7484
7057 8284
397 8800
511 8174
730 8979
1224 8485
1654 7543
2870 5815
2927 6782
2140 9105
2366 8879
2389 8344
3961 6260
6881 9996
144 4446
339 4251
769 5357
2642 3996
3820 3842
2834 9948
3653 8617
3867 9939
4107 9187
4950 8344
6235 7059
4915 9915
6010 8820
6367 9487
4171 5027
5428 5818
660 3931
769 4334
1541 5098
2354 4285
2397 5266
198 2857
3795 8988
4322 9485
4336 8447
4524 8259
5492 6779
6302 9041
220 8979
1008 7679
2599 6088
2734 5441
2847 5840
3044 5131
3924 4251
2335 8912
3415 8344
4076 7171
4611 6124
290 4814
1038 3042
2252 2340
64 7088
191 6961
1938 4702
3668 8604
3905 8879
6436 6860
6915 8941
3410 6302
3483 5717
3043 8205
5240 6008
7244 9636
7735 9657
21 5084
1200 4417
84 7581
2902 4251
3754 3911
3795 8478
5216 7057
5502 7283
5818 9015
7352 7481
2375 6826
3233 4944
3931 5782
2597 9164
3001 8248
8125 9780
9224 9705
287 3795
554 6088
800 1746
1224 2346
3048 9738
4251 8023
5827 9007
771 8431
1009 7681
2081 6097
1153 9073
3386 7352
3872 6354
4902 5836
5240 6522
7321 9049
268 5351
752 6915
488 1035
55 3516
1009 1026
5869 6918
6665 8170
6784 7539
1075 8128
3135 6580
740 9487
1005 9734
4163 7088
4865 5874
5874 5889
7484 9399
800 3796
2957 4199
3320 3836
3320 3324
21 991
12 3048
3042 9746
4252 9048
4660 8128
5717 8095
6467 9393
6588 8248
7501 7847
3505 8259
4676 7088
5237 5503
8366 9542
8629 8767
8577 9843
777 3820
1285 4336
123 6010
75 426
145 356
144 2917
153 2908
2857 9932
6364 8473
7272 8589
466 8739
2996 5185
3020 6185
3867 5338
4251 4954
3042 8211
3233 7508
3474 8291
6526 9847
8728 9181
488 4110
511 4087
1229 2857
1773 3337
521 1005
835 1715
1008 2566
2908 9882
3233 9045
4581 8209
4942 7336
6088 7214
6277 9073
6860 7978
6961 7877
42 8652
80 9126
2073 9181
4293 6961
5093 5137
1064 1487
2682 9597
5108 7171
5738 7053
6377 9486
6915 8436
7570 8293
916 8291
3240 6479
2110 9657
2713 8542
4589 6666
4932 5299
4965 5266
493 4107
1222 6450
2642 4518
3524 4148
230 2834
471 2081
631 1409
1008 1032
4171 8621
5090 7702
5492 7812
6572 7244
4942 9898
5709 9643
7097 8767
1247 8473
3240 6480
2030 6666
2468 5716
2477 8267
4591 6665
4814 5930
4902 5842
5035 5709
7402 9486
8081 8807
8393 9007
520 4593
2609 3016
2717 2908
108 7053
55 7106
3302 8979
4171 8622
4580 9237
5240 7041
5878 6915
6696 7121
6760 8081
7193 8160
1609 7088
3048 6161
3334 4851
3931 4766
4417 4792
2636 8109
2870 7363
5249 5496
7304 9073
533 5093
1183 3931
237 6413
1715 4935
3043 3607
3316 3334
424 2642
621 2957
2682 9600
3101 9181
3750 9044
4947 7847
4991 8827
6088 7730
65 9657
1463 8259
2081 6105
3048 6674
3149 8109
4988 6782
7405 9485
8476 8926
426 4689
1541 2550
1020 6655
3042 3609
55 964
179 1352
3820 8463
4028 8767
4062 9757
5618 6665
6302 6493
7355 8000
1008 8715
1134 7053
1530 7169
1715 8008
3058 6665
4814 6957
7652 9751
7884 9007
8160 9755
145 7019
266 5874
517 7159
1979 5185
850 2218
2801 9483
3973 9847
4235 9073
5619 6665
4939 9393
1929 7283
2597 6615
2959 5229
2734 8014
8523 9393
144 4973
2386 2731
2472 3157
426 7251
922 5731
5740 7057
6302 7519
6826 7507
1597 8128
2642 6571
2957 6256
3601 6124
3822 6415
4875 5874
8259 9658
8617 9812
145 4461
2279 2327
509 6657
555 5587
1009 5645
73 949
1322 1748
3016 9270
3827 9483
4593 7693
4693 8617
4819 7467
5731 9115
6632 7702
6954 8916
850 7340
1894 8344
2116 9146
2383 8879
2731 8531
3042 7196
4204 7570
7746 9148
509 5122
1045 3050
1541 4090
1964 2643
2574 4593
3398 9401
4251 9572
4819 9004
6142 7169
4850 9485
5229 9106
268 7923
1542 7673
4498 5229
1113 9126
357 4251
426 4182
869 4251
1654 2954
111 7057
488 6168
3428 3740
426 598
4338 9486
4417 8383
5955 8893
1460 7244
769 7935
1791 6401
3050 6678
3290 4902
3611 5093
4702 5026
1197 9555
2660 8604
2920 8344
3837 6915
4653 5587
8182 8202
8604 9316
2077 3044
2109 3524
73 6072
2353 3792
2556 3589
2746 3911
2825 3320
789 2796
3872 9441
4252 9573
5481 8344
81 8624
3314 6415
3337 7928
3829 6412
3840 6401
4252 7013
4902 5851
1217 4417
2265 2857
57 7625
145 6001
1231 4915
3723 3959
3020 9782
3696 9618
3729 8561
3750 8540
3867 9959
7583 8291
2161 7057
2468 7262
462 9780
1235 9007
4209 7057
4294 7484
8259 9663
8344 9066
50 7121
1009 6162
2556 4103
4991 8836
7766 8109
38 9181
1020 7175
1536 7171
769 9986
2682 9097
4667 6088
4878 5877
5731 6048
8604 9319
8944 8979
1984 2116
2597 3551
2682 4490
2870 4302
3300 3872
210 2354
268 2808
363 2713
3047 9757
4932 8896
5731 6561
4855 9485
6073 8267
6291 9073
1541 8191
2977 5731
3945 4251
4403 5329
761 9483
1270 9486
4350 6918
144 7029
243 2834
1310 2279
1322 1755
4075 8730
4938 7355
5571 7746
5877 7952
5249 9604
2869 5840
3443 5266
7828 8561
51 5587
834 3780
1008 4118
1274 2828
2810 2828
1409 5253
3020 9786
3048 9246
4162 8644
4593 9749
6391 9487
601 8109
1487 8247
2279 7455
2164 9618
2643 8627
3406 7352
4922 6860
4968 6302
7171 9219
8082 9844
704 3911
315 6860
3157 3506
1151 5000
2358 5329
145 1910
268 1787
769 2310
1221 1858
3931 9900
107 8604
30 9705
179 8532
606 8617
4820 4915
1630 8617
1940 9843
3233 8038
3878 6881
5172 5587
2185 4991
2797 3867
488 1056
1151 2441
2597 9699
2639 9657
3398 9922
3988 9844
4825 9007
5541 8291
6235 9133
6764 8604
7100 7244
1965 6235
4794 4942
2532 9252
2643 7605
3043 7717
3233 8039
4512 7272
5237 6547
8128 8776
1060 4581
3437 4252
4075 8734
4440 9393
5220 8613
5572 9797
1151 8074
1008 8729
42 9183
2658 6567
1671 7554
2703 6010
2468 5733
2597 6116
3676 8109
4125 6124
8926 9515
21 4597
21 6133
1924 4742
3549 3629
5 1541
42 2528
1005 1053
2905 9393
2906 9392
3954 8344
4702 7596
6441 6881
7088 8794
1379 7847
2340 7398
2681 6033
2870 5844
3102 6124
4593 5145
1541 8709
5329 6457
7283 9111
1221 6470
326 6341
771 5896
1654 5525
2713 3442
466 2617
662 1909
5266 9593
1409 8330
2081 9706
2142 8109
3043 7208
4374 5877
5249 5514
73 1475
81 443
857 1715
3792 8508
5385 6915
5818 6994
5899 6401
4643 9705
4915 9433
5222 9126
1009 7195
1083 7121
1005 9759
1993 8259
2081 9195
2734 8030
3081 7171
3750 6502
5185 6603
6778 9618
9181 9775
654 4991
675 3434
2081 4588
2562 4107
3271 9542
397 7808
1009 8220
2039 7702
2172 6033
2050 8203
2339 7914
3291 7986
466 4156
3044 4138
57 6613
368 6302
2828 3330
771 2315
2455 9847
3841 9485
4011 8291
5887 9487
7268 8618
206 8512
2857 6885
2928 6302
3789 4417
4581 4649
206 4929
427 5220
1020 3091
1487 3648
1801 3334
2713 2934
42 7141
962 5709
638 7057
769 5902
2842 3829
1224 6471
2058 4101
206 2881
729 2870
6248 6567
4991 9360
5170 9181
6814 8561
7053 7298
98 8109
511 9232
662 8569
3872 4847
1515 9252
4884 6395
8344 8567
941 5731
2336 4336
2556 4116
4183 9657
5133 7171
4695 9657
5955 8909
7169 8719
1008 7712
3306 4902
1009 9247
412 9844
1795 9485
2827 7429
2828 7940
4201 6567
4336 5920
2870 7386
3524 6732
8344 8568
552 4585
1151 5010
3462 3723
36 1005
411 1654
662 1915
800 1777
5492 6813
5749 8604
5986 8879
6272 9105
7010 8879
362 7847
1907 6302
2176 6033
2340 6381
3165 6580
3320 5401
397 9860
2058 8199
2857 8936
2870 7899
2974 7283
3535 7746
1009 3617
2230 2908
1348 4814
55 3035
3581 9237
5739 6567
6782 8084
464 7746
1129 8617
1768 6954
1502 9780
4171 7623
5877 5917
8659 8767
8701 9237
2405 2734
850 6849
3334 3341
3395 3792
488 3115
4171 8136
7171 8720
7283 8096
1322 6889
1552 7171
1671 7052
2642 7105
3820 4903
5184 5587
552 3564
782 3334
2312 2828
328 6860
2768 4932
2828 3848
4075 8233
5444 8912
3631 5093
237 8487
4287 4437
940 7272
1034 8202
1091 7121
2116 7120
2682 6554
1892 9392
3956 6816
4884 5888
8473 8955
145 4996
1402 4251
347 5818
1775 4902
1009 2596
2916 9393
3020 9289
5093 8752
6788 7057
5818 9563
6124 9769
7352 7517
366 7847
1978 6235
2713 6524
2836 6401
3044 7729
3233 8052
3421 7352
3867 7418
3931 7866
6954 9963
8190 9751
8455 9486
9049 9916
763 3867
1293 3337
81 6085
236 6954
3795 3907
145 2949
360 2734
3641 9181
6580 8802
6860 8522
132 9618
4848 4902
1487 9287
3334 7440
3750 7536
3942 7856
4109 6665
4417 7381
7702 9216
8617 9325
2038 2081
2430 2713
1181 6010
2468 3699
1487 2120
3956 8867
6398 8473
6415 7944
6789 7570
268 9995
2257 9542
2642 8133
2670 8617
3182 8617
3956 6819
4333 6954
206 5450
466 4166
1008 3112
1063 4593
2828 3340
4702 7610
5229 7083
4684 9676
5593 8767
7125 8259
95 9657
1322 8430
2854 5874
2051 9237
2616 8160
2908 8380
3310 6954
7163 9757
789 3332
1264 2857
206 6987
2556 4637
1008 6697
2374 3795
769 2840
834 1239
1141 2468
5877 7460
5955 9942
6010 8351
7057 7816
2081 6648
2641 6088
2988 5229
3868 5373
4762 4991
3293 7484
3740 7037
3872 6393
5185 5592
327 3795
1677 2957
834 3288
1221 2901
1671 5011
2521 5185
2731 4975
2908 3774
3434 3760
542 1020
268 2830
4075 8239
4417 7897
6797 7053
5731 8631
271 9483
769 7449
1646 8108
2487 5731
3549 5181
3931 5311
2081 9209
3549 7229
4814 6476
7057 9865
8267 9167
54 4581
1186 3961
1071 6124
1486 5709
2339 5368
3740 3967
6341 6998
7608 8291
206 8525
769 8474
4871 4884
2186 9105
2468 8311
2698 9105
4509 6782
5056 6235
5287 5492
8202 9233
1322 2802
509 6175
179 7017
2870 4326
3020 4688
321 3291
3857 9483
4008 9844
4926 8926
1487 6733
3016 5204
3374 6382
3374 5358
4151 4581
2597 9207
2924 7856
3524 7768
5249 5531
5492 5800
6870 9542
1277 3872
1646 4015
2044 2081
925 6784
397 656
268 2321
3268 9049
4702 7615
5259 7570
5751 9126
6302 9087
21 9736
662 9607
2679 9126
3702 6567
3921 6860
5220 5561
7220 9705
8165 8248
170 5492
2416 2734
771 6939
2828 4370
206 3408
250 2340
3855 9487
5229 7089
6152 7702
6088 8790
2834 5388
4413 6881
4593 6701
8526 8912
2755 2908
935 5240
2682 3493
2908 3779
2476 9843
3489 8830
6010 7333
6182 7673
6302 9601
6520 7847
7121 8270
7775 8128
3044 6203
3829 4906
2222 9073
1409 8862
1409 9886
3028 8267
3044 7227
3961 6310
4162 7645
4207 7088
5406 6401
7592 9847
7847 9080
8926 9537
42 4598
59 5093
2424 3240
789 5387
534 2058
946 1646
1005 2611
4619 9237
5220 8636
5837 9555
7283 7597
145 9103
1020 7716
2406 5818
4336 4400
2354 8942
8248 9704
84 5069
206 5459
2473 5240
2682 5031
3016 4185
85 3020
1005 2100
4193 8128
5655 6666
7102 8291
323 8926
2468 6269
3150 5587
3337 5912
1222 9051
1541 9756
2340 8957
3517 7268
3681 8128
4075 7222
4483 6302
4581 6204
7673 9768
7748 9181
8189 9252
9197 9780
511 5155
174 5492
335 3795
1260 2870
764 4902
1208 3434
662 6028
2828 4886
3524 4190
3639 4075
38 1020
55 491
488 2106
1048 2058
2643 9679
3868 9478
7429 8477
836 8926
237 7989
3044 6718
2468 8318
3829 7469
7951 8979
336 4819
338 5329
898 3233
1852 2279
2833 2834
1115 6088
3398 3805
3374 9973
4012 9847
6386 6961
4829 9542
6 9757
800 8963
1174 7053
1456 7283
1561 6666
3398 6365
3792 5971
2804 9007
3041 7746
3051 8248
3157 8654
3519 7268
5249 6050
7446 9485
8716 9751
2620 3048
57 6635
422 6782
1151 6053
2099 4593
2340 4352
2682 4010
3911 9949
6376 7484
6567 9341
6835 8561
6888 7484
7702 8206
1107 7121
2146 6594
3378 5874
3524 4704
3647 5093
2731 8057
3334 7966
4346 6954
7673 8747
7702 9230
9425 9555
517 7200
1005 5176
2642 4563
211 850
268 1305
179 1906
552 3069
1110 1487
5147 8202
6907 6954
2838 6415
3956 5297
4336 4917
2445 8344
2731 8058
3020 8793
3374 6903
3445 7856
3817 7484
3946 7355
4244 7057
6745 9676
7053 9880
8978 8979
1841 3829
1489 5717
488 1598
574 3048
794 2828
4470 7856
5874 8500
6083 8291
6619 8267
2440 6302
4252 6538
5178 6124
204 3931
1822 3337
2279 2880
206 7001
1152 6567
2642 4053
3246 3961
5220 7619
5240 8111
6294 8081
834 7909
2318 8473
2328 9487
2597 8706
3011 7268
3613 6666
8208 9751
397 3739
1493 2643
2294 2354
466 5718
4702 9162
5464 8912
6415 9497
6961 8439
277 8979
400 8344
989 8267
3042 6214
4051 5717
1647 9657
2171 8109
3795 8021
1797 2340
2116 3557
1849 4336
2254 3931
2682 3503
42 2047
3020 9821
3985 8344
5085 7244
5840 6489
6033 7320
4759 9618
6784 8105
6918 8995
151 9618
1646 8123
2909 6860
1322 8959
3044 8261
3050 8255
3525 7268
4407 5874
4942 6875
426 5760
2146 5576
237 829
237 1341
3451 8879
4991 7339
5329 7513
6060 8830
7088 8314
1556 7702
3815 5955
4198 5572
2556 9262
3498 6784
4942 5340
4942 5852
4991 5291
7053 9885
8987 9487
9310 9676
455 7268
615 5572
1654 5557
1715 4984
1962 5249
2592 4107
99 3016
769 2858
3291 9552
3820 9023
6124 6719
6567 7300
5775 8604
6950 7429
7648 8267
3398 6373
3953 5818
3961 4786
1820 9487
2908 8399
3750 7045
4035 7272
5240 6579
7515 8912
1278 3374
1369 3795
1151 5549
2713 4499
3105 4107
3813 3911
73 3555
551 1541
776 2340
2656 9676
3048 9796
3740 8592
5492 8376
5787 7057
4437 9943
942 8830
2082 6666
2682 5554
3048 6724
3898 5874
3956 4280
4523 5249
1221 9063
789 9495
1916 9392
2597 7687
2857 7427
4040 7268
4162 7146
4448 6860
5479 6341
84 5081
1319 3334
2720 2957
509 7216
5587 8282
6918 6951
5240 9141
5408 9485
6012 9393
6063 8830
6420 8473
6680 9237
7137 7244
7702 8215
349 8912
1068 7169
2339 6922
2731 6018
3048 7749
3320 7477
4902 6407
7868 8561
8160 8781
1256 3398
84 474
2491 9843
4814 8032
136 9126
206 8544
381 9393
2194 8604
2279 9031
2731 8067
3938 6860
4581 5705
6918 9512
7451 8979
8634 9844
9372 9618
62 4593
800 4367
1364 3291
2388 3291
639 7088
1541 4650
2850 9485
4091 9780
4644 8203
6033 7838
552 9223
2731 7044
3532 5731
894 9393
3219 8604
3240 7047
3742 8081
3886 6401
4581 6730
4593 6206
5158 6665
6961 9982
7326 9105
1573 4107
475 5717
2085 4107
57 2551
206 3426
3044 9804
4255 8081
4702 8146
4893 8979
811 7429
1487 7777
953 9847
2207 8081
3184 8128
3434 8390
5244 6580
8128 9328
8344 9624
800 4881
1813 3868
3337 4392
144 417
268 293
781 2340
1008 1601
1224 1897
6033 8864
6914 9007
7413 7484
863 3795
1020 3638
3044 4174
84 7646
1009 5697
2081 5649
2146 4048
2820 3374
2233 3961
2468 3726
179 2943
4592 7746
6124 7238
7631 8291
852 8926
1471 9843
3398 6892
4472 5818
8912 9570
1224 2923
42 7689
145 6562
1222 5997
2600 4107
1009 2114
5421 6918
5709 6630
426 8841
288 8979
1009 8258
4001 5266
4539 5240
1020 9271
4462 6341
7976 9483
55 5629
145 4515
755 4417
1715 2433
1488 5220
1728 5492
2146 4562
2340 4880
3291 3929
21 2591
1005 1607
688 1924
923 2713
393 2731
1715 1921
4508 8344
5874 8514
571 7673
2870 7934
4932 5872
7199 9237
7617 9843
8879 9605
866 3795
517 6192
931 5266
2734 4999
268 1321
466 1123
237 1864
4484 9393
7746 8179
1523 7746
1796 6961
2522 6235
5477 5840
5492 5825
500 4162
1020 4666
1222 3952
32 7702
2643 5091
3240 4494
169 397
789 2849
980 2146
4966 8912
6124 9290
6700 8202
466 7780
573 7673
856 8926
1905 6341
3549 5721
2333 8473
3376 6918
4149 7169
1829 2834
2146 3541
46 6665
647 7088
871 5840
2404 4819
237 842
81 3046
517 2610
4455 8912
5240 9151
6860 8043
292 8979
552 8207
902 9393
2036 8259
3931 7388
4036 7283
4437 6882
7527 8912
8072 8879
8782 9705
55 5121
2071 2081
2831 2857
1646 5578
2713 5023
6784 7096
7334 7570
651 8109
1222 8050
1589 7171
3050 5710
3723 6061
3868 4892
3931 5853
3911 7921
4798 6010
4902 6930
1322 5903
2632 4593
2682 4031
488 1105
4251 8606
5025 8344
6302 6555
6784 9145
7283 8646
7421 7484
73 9712
145 8616
2513 7272
3064 5185
3269 5492
4107 4654
4171 5102
2643 9190
2857 8976
3016 8305
3374 8459
4349 7484
5249 5560
8097 8344
9007 9994
1779 3911
2535 2643
42 7696
173 2957
791 2339
4133 9237
4581 8789
6088 6770
5289 9105
6860 8558
2354 6408
4171 6127
7570 8872
247 4932
1646 2509
1646 3021
1288 4915
1389 4814
2236 4991
6099 7272
7121 7786
1671 7604
2339 6424
466 9833
834 9465
2354 8457
3218 8617
3930 6881
4459 5840
4463 6860
4480 7355
206 5486
561 4107
771 3897
1511 5717
552 2068
600 3044
4336 8012
5220 8664
31 9757
2986 5266
1487 8813
2642 9194
3020 7792
4581 7255
7171 9785
7244 9200
8561 8907
8854 9126
517 3640
2138 3043
511 5694
2169 5572
2354 3851
2871 3334
4 57
285 800
185 1924
3043 9306
4105 9780
4107 9778
4942 8943
6029 7856
5731 8666
6414 9007
6918 8503
7162 8259
57 9220
234 9555
3434 6355
684 8081
1673 6580
2298 5955
2116 9721
2141 8160
2146 8667
2146 8155
2192 8109
7121 9836
8230 9751
2556 3650
2857 3861
7 55
426 1172
488 2646
988 2146
3233 9629
5672 7702
4551 9847
4991 9919
6918 7992
971 7283
1678 7088
1709 8081
2507 7283
2762 5492
909 9393
1546 9780
3030 7272
3234 8604
4884 5418
7114 9844
8138 9844
1322 4373
1937 2734
2058 3125
2340 2843
81 6126
316 771
21 3626
3320 9543
4814 9585
6108 8291
7318 8617
972 7283
1020 7235
3820 4435
3366 8473
3398 7929
4572 5731
7746 9725
7843 8604
8604 9891
4327 9049
4417 9983
5220 9180
5237 9163
6567 8345
6831 9105
1151 8641
2340 5916
2642 6638
3233 6047
3868 5924
1767 9049
2614 8202
3043 8797
3903 6401
3961 6855
5492 6348
86 4075
371 4814
1005 4692
1359 5874
2556 4165
3050 3159
511 578
593 1008
511 1602
4784 8081
5717 7660
5731 8670
1222 7035
4006 4251
3867 7974
5229 6100
6966 9483
8840 9657
126 5572
605 5093
2982 3740
466 624
410 3240
5060 8830
5528 6826
7134 7268
1122 8160
1503 8291
2058 7224
2422 6860
3042 6240
3267 4991
3839 5955
4574 5220
1335 9483
1811 9007
2597 9245
5093 6749
5717 6125
7119 9843
8109 9365
413 3750
1005 4694
2339 2848
1008 5203
55 7180
2255 3956
2461 3750
3043 4192
182 2957
6003 8912
6918 7997
7048 7355
44 9751
312 9483
466 7793
3434 6361
2556 8775
7572 8879
296 3868
5709 8183
6649 8267
615 9181
834 7938
1005 8279
3345 4915
3708 6088
3867 5417
2093 9751
2795 9049
3549 7783
4721 5587
5756 6088
7570 9394
7856 8596
8185 8267
8653 9847
144 5045
850 4339
2420 5329
2556 5193
2908 9961
2908 9449
4102 8767
4915 7954
5731 8674
6934 9007
2370 6915
3291 4970
3920 5877
1487 9334
1715 8594
4884 5937
145 6069
1646 6104
2342 3872
3334 3392
276 2354
1671 1983
6650 7244
6574 8344
6580 8850
181 9105
1480 6782
1487 7799
2081 6181
3792 4982
4354 4932
4581 5217
1543 8767
3868 7466
4919 6415
7635 9843
8128 9862
1125 3042
2468 4771
3447 3792
87 1008
4144 9751
4162 9221
5527 7856
5840 6519
5726 9705
6810 8109
7695 8248
2279 6496
3570 5717
4581 7266
5814 6033
5874 5973
7203 9252
8984 9007
9016 9487
769 5959
1934 5818
2567 5185
100 3044
511 3145
3385 9487
4278 9618
5189 7171
5303 8081
6124 8796
7057 8887
145 9655
237 8539
2081 7719
2555 5709
4251 5037
1751 8561
1944 9392
2556 9292
2775 8561
3016 8832
3829 6483
5248 6088
7064 9392
8601 8879
9618 9910
662 4531
1631 3050
2414 3291
159 426
385 1224
397 1724
4625 8248
5492 6869
1151 7626
2870 6931
3449 5840
2354 8983
4936 6401
73 4609
1634 3048
1816 2354
5519 7355
6010 6864
6626 7272
4925 9485
6918 7492
7058 7352
7272 8162
4075 5727
2157 9181
3360 6954
3741 8109
6840 9618
8160 8298
1455 4252
73 7170
330 6401
268 2367
771 2376
1094 1541
4715 8160
4902 7973
5076 9847
6415 9020
619 8160
1483 6784
1020 9807
2087 9252
2364 9487
4056 7283
6976 9483
1005 4703
1646 2526
2180 3016
896 6860
1090 6666
612 3048
5963 6401
4870 9542
5220 9192
5438 9486
6094 8830
426 7842
1008 7260
1428 7352
1487 6781
3389 6415
4301 4991
4162 5642
2692 6088
3083 5185
1664 9676
4814 7038
9021 9487
93 1008
716 1409
3549 9840
5404 6961
5960 7429
6388 9049
7356 8081
144 9661
179 8090
762 9555
3264 7053
3961 6356
4593 6748
4702 5615
7582 8879
9049 9972
397 4801
768 4942
808 4902
2004 2682
426 6820
21 569
1479 1671
5774 8128
5440 9486
517 7753
1487 7295
2434 6860
2683 5587
3042 7276
3661 7169
8767 9231
947 3740
1667 3020
2554 3157
2661 3050
706 7053
3497 3750
194 397
303 800
1646 2017
5249 7630
6107 9844
6954 7461
7429 8010
237 8546
509 8274
2713 7094
3023 6784
3719 6088
3911 5384
4393 4902
4884 4923
6683 9780
8248 9239
9485 9538
1020 3156
517 587
509 2131
4228 9676
5185 7183
6665 7239
6276 9676
179 8093
1680 8128
2713 6583
2731 6565
3398 5898
4111 5185
476 9844
4504 7352
5093 6763
351 5874
511 5714
334 771
608 1009
5818 7575
6010 6871
4593 9824
5249 9680
2597 6188
3042 5743
3479 5818
564 9757
1860 9485
2784 8561
3044 8301
3775 7570
4427 6918
7856 9633
81 4097
426 3752
1646 4068
2081 2097
2316 3398
1498 5240
1533 5717
1608 2058
3630 9252
7169 7761
324 9486
1729 7057
2834 6464
2857 5929
4481 5329
517 9805
2361 8473
552 3627
1711 2468
55 6684
1020 5207
2783 3956
338 769
3876 9007
3956 9951
4150 9757
6567 8876
2178 7121
4571 5240
3480 7355
5093 6254
5266 6081
6784 9683
8223 9780
9237 9790
131 7121
1224 6540
3042 3186
397 2759
552 1580
771 1873
2615 9757
4581 8815
5329 9091
5587 9857
6567 9389
6971 8473
55 8733
61 9751
1564 8248
3931 4857
3994 5818
4252 4536
648 9676
8517 9487
9473 9555
1409 4308
2081 2612
2642 3075
2468 4273
4 81
613 1008
3337 9036
3606 8767
5018 7355
5249 8660
5269 8128
1704 8109
2468 8881
2882 8979
4932 6929
9697 9844
2643 5123
6088 6798
6088 8334
6124 8810
196 9618
3038 5240
4082 5220
4899 4915
3549 7801
5521 6341
275 4932
460 3723
1501 2682
73 7694
1151 5080
1541 5202
5307 8604
6843 8604
55 8736
1837 6954
4489 4814
1284 9555
3374 6953
3549 7802
4810 7053
4819 6532
6720 9751
7244 9227
57 5663
133 5587
662 4034
2678 3042
1005 5227
834 1302
2828 9548
3240 9136
4630 7746
5319 9105
5820 8604
32 8248
55 9761
77 8203
1739 7053
4581 4723
2597 7731
2870 8482
4084 7268
5329 6023
507 4702
907 4814
1322 3887
2339 5430
3232 9657
4814 9099
7247 8202
2573 7244
268 9549
1438 7355
1705 7088
2705 6088
2863 6954
3374 5931
3009 8344
3651 7702
3981 6860
6954 9519
1715 2983
145 6089
1009 6761
1384 5874
3549 4221
509 2653
917 1221
3042 9848
5492 7910
6067 7847
6856 7570
161 9657
3222 5572
2170 8160
3868 7998
4915 6439
7673 8801
7847 9651
1167 3020
4330 8561
6010 6369
6225 8202
7053 7886
938 9393
5240 6115
8885 9126
833 3867
179 5033
465 3723
179 425
4814 7566
5209 7171
5668 8248
5818 8610
6415 8013
6685 8767
509 9311
552 8244
1322 7474
2251 6033
3405 6415
3559 5237
2589 8767
4299 7057
9418 9618
877 4336
144 4045
881 3820
1410 3291
1458 2731
2841 4932
697 2468
3723 8658
2217 6580
3692 4593
4492 5329
2378 8979
3740 8129
5043 6826
5634 6235
9049 9988
28 4162
1224 4502
409 6341
1373 6401
308 1322
596 2058
921 1221
3339 9555
3374 9520
4902 7480
5139 8267
6235 7683
6646 7272
1182 8128
1371 6915
1515 7283
3579 5731
3398 4888
3434 5876
1222 9112
3042 8828
4603 5731
235 3956
1476 4251
1654 3561
2339 2876
29 7746
382 6881
850 5389
662 3017
734 1409
3144 9751
5266 7117
5523 6860
5100 9843
5240 9191
5870 9073
6729 7702
2410 5877
2497 6302
2580 8267
3872 7999
4991 5856
5007 5840
7373 9618
643 3549
1005 3187
1646 2546
552 5688
1003 5237
2590 4162
42 3126
5811 8109
5877 6507
6582 6826
5266 9166
6759 7673
6881 8575
7188 7244
7296 8160
7352 8104
2828 6484
3409 6415
3560 5240
2489 7847
2799 9073
3334 7514
4932 6428
5088 6784
5237 5611
1008 3697
2023 2682
1513 5240
1990 4251
3374 3379
1715 1966
3768 8617
3829 9580
4769 8128
6231 6666
2116 7709
2334 5955
2828 6485
1924 9437
5071 5266
7355 9638
8160 8833
8266 9751
454 4252
1774 3956
232 6010
552 7226
2558 5220
2870 4396
3048 3194
21 589
179 2479
771 1375
3849 9049
3867 8519
5845 7053
6038 6860
1112 8202
397 8917
1409 8417
1623 8203
1976 6826
2966 6860
4085 5229
945 9393
1008 9330
3095 8267
4128 7746
4417 6433
5522 5840
126 5093
1057 4162
2411 3320
1308 3911
1399 3820
2493 3750
148 1487
1127 2556
3043 9344
5544 7355
5818 7593
4593 9842
6222 9237
1005 7286
1750 7053
237 8054
2870 5933
2258 7057
2451 5840
2857 6458
2095 9780
8202 9305
8534 9485
800 3396
1008 3700
1184 3524
144 7636
307 6961
609 7171
1391 5877
1942 4814
2081 5699
3476 3792
397 3287
3784 8604
5572 7328
5330 9618
6689 8259
1 8291
426 8378
3867 4425
4211 4593
1971 9393
2556 8296
2593 8259
3508 7856
3867 8009
4521 7355
7171 9825
1401 3820
1996 2713
1224 5021
120 1005
466 1171
268 1881
4232 9181
4251 9674
6193 9780
771 7522
958 7847
2146 6659
2196 7121
4500 5329
1574 8767
8630 8879
603 4107
3 5731
799 3911
1882 2828
1009 3189
1151 4071
1266 3956
2116 5666
2734 5048
2734 4024
2890 3868
2912 3334
3089 3157
517 1121
552 1086
124 3050
453 3233
461 2713
741 1409
1541 2145
5606 6784
6591 7847
3308 6010
466 9876
1522 9844
2395 9483
3549 8329
9126 9920
1142 4593
84 531
55 3120
3059 9844
5047 7856
5454 8473
5679 8248
5329 9622
5840 9623
6881 8070
1835 7484
2642 5653
2262 8081
2468 8387
2652 8203
3961 7406
4845 6010
21 4179
1008 4728
1472 3240
488 6784
511 7273
2498 3750
144 2008
3398 9506
5093 8835
6576 7352
1008 9336
1692 9676
2123 9757
2187 9181
7244 9244
1358 3867
1604 2597
57 7728
104 7169
447 6826
664 7121
1030 5731
3398 4387
121 1008
144 985
319 1322
552 577
769 872
509 1644
771 1382
3524 9381
3549 9868
3979 8926
5073 8344
5848 7057
4075 5246
4507 4814
1731 9126
1338 9007
2340 9029
2468 8389
3911 6434
3931 6926
4397 7484
4991 6890
4991 5354
7746 9767
57 5169
1005 3709
1340 3374
1666 3048
2972 4814
66 552
206 2460
1322 2368
2870 9524
3364 9542
3911 8483
6360 7570
4595 9847
6784 7658
834 8488
2146 7176
2921 6401
4417 4905
4819 5015
4819 6039
4955 6415
1715 2488
2081 3146
84 6679
1221 5542
1435 5840
2828 4447
2885 4902
73 546
3820 9599
6229 7702
4596 9847
6394 8561
6611 8344
2339 6472
2396 6415
3446 5877
3429 6918
5709 6174
8692 9847
8834 9705
509 5231
511 4205
219 6033
235 1409
268 1888
744 1924
4437 8471
5731 7177
5877 9591
6216 9252
3829 4983
862 9486
2179 9705
4171 6177
5266 6618
5329 6043
8344 9172
274 3931
1148 4593
2734 3007
2468 4297
3524 4265
81 1052
179 954
21 2136
233 1924
771 2922
4378 9555
4593 8316
6124 6273
7210 8259
1420 6881
662 8151
99 8202
1009 7804
2734 6079
2268 7057
3594 5731
3077 7272
3723 7138
4702 5647
4777 5572
5109 5240
9498 9555
926 3792
1149 4593
2075 2643
84 6682
662 6616
1370 4884
2029 5249
330 2340
2647 9751
2915 9483
3671 9751
4707 8203
4814 7584
5789 7121
517 8809
1245 7057
3524 5802
2116 9258
3229 7121
3334 8552
3931 7443
7242 9252
7257 9237
57 5174
1924 3307
2727 3016
517 6762
1020 5747
2723 9676
3723 9188
3937 9486
5116 7283
6462 6961
913 8926
3549 6290
3604 6235
694 9657
1409 9966
3044 8331
7121 9374
7390 9105
8081 9950
8248 9783
2701 3043
55 7737
6401 7023
6010 8438
6860 7588
472 8344
1151 8177
1549 8291
3999 5329
2034 8830
4132 7244
4417 7471
9705 9863
2063 2146
2325 2908
2290 4991
834 2351
2557 9844
4593 8320
4930 9007
5818 7095
5840 7585
7392 8081
344 8473
2734 7107
4252 5589
2193 8160
4005 6860
6746 9751
8291 9742
844 4902
890 3320
1323 3911
397 7397
2689 4593
268 7526
1151 5107
2642 4640
3048 3210
3048 3722
268 2918
166 3020
179 2495
3941 9485
4336 9090
5793 7121
6158 7268
6782 9204
726 8604
1487 8355
2664 6666
4593 6785
4702 5652
5329 6049
15 5220
237 3974
343 3868
1161 3050
1952 4819
3543 4252
3740 4055
1516 1671
4162 9265
4866 8561
5325 9126
7628 7847
771 8560
2339 8528
2642 7713
3048 8843
3050 7817
5877 6014
5881 6010
8561 8962
1222 4526
2079 3157
73 7211
3044 3728
552 588
552 2124
5185 9267
5220 9744
6567 8397
1251 7057
3571 5249
3723 5609
4615 5229
3690 6666
5220 6672
8160 8852
84 4641
345 3868
1417 3820
1671 4078
2957 3304
3795 4002
5284 7121
552 9293
3157 6176
3572 5249
3636 5185
1534 9847
1654 9215
1924 9457
2510 7847
3792 7589
4915 5442
8291 8722
1170 3044
73 557
81 549
4445 8473
6567 7375
5492 9474
6499 8979
7053 8937
773 9073
3157 5153
3723 5099
1119 9751
3867 8027
5294 6088
1020 3195
73 7726
386 5877
444 7355
2058 5741
2302 3961
2354 4933
3524 8883
3948 9483
6961 6982
5993 9486
6784 8695
6865 9126
731 8604
262 9073
0 9847
769 7542
2437 5874
3291 5020
3044 6803
1487 9896
7684 9843
7834 9181
55 5185
789 4451
1009 3207
2224 3016
721 6567
885 6915
2713 5087
144 1512
466 1190
552 2640
800 2392
2628 9780
3434 9998
4359 8561
4819 8101
5709 8235
7088 7880
361 9487
1487 8361
1924 6900
2576 7272
2682 6654
3792 5032
4171 5165
4581 4755
2731 8141
4336 7560
6828 9676
7533 9483
769 3448
979 3750
1535 2682
1008 5769
2908 3869
3549 8860
5601 8344
488 8337
1772 7053
3334 4979
3463 5874
2908 7453
3444 7429
4581 6804
5185 6712
9487 9578
144 4586
1322 4432
42 7760
113 6665
850 2856
4208 8202
4336 9610
4819 9127
5353 7057
7191 8291
7429 8565
2834 7016
3020 5806
4007 4819
426 9936
1541 9333
2058 8304
3829 8069
4075 7823
7570 9448
7746 9784
552 4691
1926 5877
2340 4951
5588 7847
6627 8344
6769 8202
2579 7272
2828 6511
3911 5940
4119 5220
3398 8501
3820 7055
4991 5372
5229 5646
7429 9078
7746 9273
1716 3016
2642 3114
2870 2886
559 5709
800 5980
889 6915
4902 7510
6033 7915
5630 8830
6411 8561
355 8473
2992 6860
3956 4872
2851 9049
2857 8019
8473 9059
1563 2146
3750 9175
5119 8830
5237 7688
6044 6881
58 8259
206 9135
206 8623
2146 9243
2622 8767
3740 7649
5160 5717
7479 9542
7742 8767
8900 9657
9751 9830
769 3965
2601 3157
1487 6319
2643 4651
3337 4469
789 873
1009 1165
4075 8851
4902 7512
5874 7564
74 9780
216 9126
738 8604
1020 7810
1596 7746
2642 7212
2676 6666
3337 4981
789 9577
1485 9393
55 4168
1933 5874
17 1646
426 1237
634 1541
3157 9770
4336 8079
4558 9393
4770 9181
4932 9019
6898 7053
6088 9911
6156 9843
6815 8160
7268 8731
2942 6401
372 9483
576 8767
1005 7314
1221 7098
1487 7344
1653 6666
3226 5093
1670 7673
1547 9844
2694 7673
6580 9931
7484 9027
771 3453
1337 3911
2340 5468
2957 3315
397 1267
180 3020
3291 9125
4324 8604
5871 7057
5974 6954
6088 6328
6146 6782
5229 9235
5485 8979
5552 8912
426 8406
1661 7171
1924 7420
2443 5877
2870 6474
3890 4942
4429 4915
2208 8160
3043 7325
3050 8342
3487 6881
3872 7520
4814 6066
8248 9288
149 6124
1027 6782
2877 4932
5149 7268
370 9487
969 7352
977 7856
2613 7244
2800 6033
882 9487
2081 8288
2288 9105
4902 7003
4991 5378
5004 5877
10 5240
241 7057
1214 5572
488 7322
1020 5766
3388 3398
1224 6074
1654 4620
4437 9005
4902 7516
5572 8382
6017 6401
6088 8890
6302 8676
6896 7570
7171 8831
84 8750
1361 6961
1981 6341
1924 9470
2339 8543
3043 7327
1931 3320
122 6665
242 6033
1903 4884
3291 4520
255 1924
3792 9139
5447 7484
6961 7506
3434 4889
1219 8128
1238 8109
2354 6481
2828 6007
3829 5006
4098 5249
2365 9542
7922 9105
8291 9760
272 5492
1366 3374
2098 2642
2870 3918
256 1924
4153 8267
5220 8224
6567 7389
203 9657
517 8319
1487 6837
1715 8145
2468 6368
3736 6124
4760 6124
21 5232
459 5818
57 1612
353 2340
2734 9687
4991 7942
5249 7172
5818 8139
990 7847
2270 6567
2642 7219
789 9584
3524 8385
3706 8203
3829 7568
4252 7657
5731 6178
268 3962
406 4336
939 3291
1726 3016
124 6666
341 6961
2859 3931
2834 9588
3931 8491
4114 9844
4566 7856
5596 6826
5975 9007
6211 8259
7878 8128
1224 7614
3346 5492
594 9780
1409 9477
2425 9485
2781 8617
2903 9007
2279 5536
3050 9373
3380 9555
4702 7721
6906 7053
218 8109
662 7665
1020 7307
2619 7244
1194 9181
1619 9780
2146 9765
2215 8160
2870 8017
8891 9676
19 5237
2556 3212
2211 5093
2884 4932
96 552
179 2005
513 1671
789 2931
1033 1151
3792 8632
6716 7244
6782 9226
6915 7557
3016 6848
3909 5955
1487 8889
3795 6581
6965 9555
7570 9462
8128 8904
488 673
172 3549
197 3524
1020 2189
2908 9517
6341 8132
6567 8418
84 8245
2731 6110
3298 6567
1398 8979
1403 9486
2857 9056
3020 7869
3931 7470
3935 6954
4942 5947
771 3975
2146 3624
3044 4774
128 2058
488 1698
4058 9392
6915 9095
21 8309
249 9105
2809 7057
3111 5731
3820 5534
1924 9990
3200 8202
3792 8122
4702 5676
8055 8979
8128 9930
1322 4449
84 6711
313 850
57 3154
144 3067
3044 9383
4702 8237
4858 9105
5761 6666
6010 7953
4799 9676
179 8152
2096 6235
2643 6200
4171 4672
4311 6580
4737 6666
7549 9486
268 3968
1328 2908
2339 3433
160 6124
1008 6300
1567 5229
2760 3524
397 2303
511 3213
5510 6918
5709 7743
6666 6786
5469 9007
2643 7225
1405 9487
2811 9105
2834 7546
3548 7856
3820 7072
5575 6341
5818 6098
7553 9483
64 5709
668 4593
782 4991
867 1322
1224 2501
3016 9413
3320 9621
5053 8912
5198 8767
5849 6580
5877 7576
4593 9884
1212 7121
1577 7268
2908 6449
2090 8291
2300 8081
2680 9237
3867 7538
4478 6415
6784 9741
1442 3820
145 7165
1982 5840
2563 3723
73 581
3792 9150
4252 9202
4932 9034
5597 9393
6401 9101
7143 7847
1020 8338
1491 7355
3056 6302
4417 4941
145 1022
73 2630
1130 2597
4303 8128
4902 9065
5731 9772
6374 8617
7352 8663
1418 7429
2238 7121
2274 8109
3139 7244
3982 6401
5059 6860
7088 9439
7787 9252
9088 9487
397 5379
800 4976
1654 2586
1151 6673
1297 4991
61 2643
466 3262
4530 8926
4814 8642
4852 8604
5765 8203
6235 9269
7169 7311
7268 8236
179 8157
2731 6117
2844 5492
4107 4229
1671 8713
4237 7171
4565 7355
4582 6826
1084 5717
2957 3844
850 2879
3960 8473
5240 9241
1422 6915
1541 7820
3132 5717
4268 5093
1409 9488
3044 8877
3374 8035
3984 6401
7847 8682
7936 9105
511 4243
2642 3136
771 6031
847 5955
899 6415
2930 3872
3133 3157
145 2561
5439 9555
488 8874
789 8061
1009 7329
3931 5431
4336 7074
4678 7244
5167 5731
5492 5918
53 4702
179 5600
1672 4107
2767 3524
84 2623
3710 9237
6124 8871
6281 8202
802 9073
1920 8979
1924 8975
2339 9072
2938 8473
3472 6915
3961 7962
8068 9487
8109 9958
8617 9962
1960 3820
1322 4458
2200 2556
2339 2417
2556 2712
2834 2946
1222 5070
144 516
1104 2116
5332 8128
6918 7054
6022 9486
206 8134
2260 8128
3820 7080
4129 7283
5695 5717
8923 9657
206 5063
397 4360
2354 3427
55 7774
1819 6010
1991 4814
2116 5713
2146 5171
3792 9157
6109 7352
6881 8628
7746 7763
466 9411
1008 7845
1646 8231
3792 5573
5140 5249
5892 6033
850 3908
1189 4593
2682 5148
2828 3466
21 3713
242 2468
2953 9485
3740 9722
6404 7570
6784 8214
7244 7754
834 8020
987 7355
1893 6961
3309 8617
4681 5709
5150 5240
8377 9181
910 3337
1339 2908
1532 4251
1908 2339
2957 3850
3434 3885
3527 3792
3398 4433
2861 3434
2870 3425
389 2834
3620 9843
4162 8277
5329 9158
6917 7570
7746 7765
1715 7140
2206 7673
2857 5998
1918 8473
2354 8549
4814 5577
8259 9300
653 4107
2350 3434
48 7272
206 6090
478 5818
709 5587
167 1009
514 662
206 2506
237 1963
268 3468
834 1878
5279 7673
7053 8971
33 9847
4632 6784
1151 3610
1363 3398
2040 3233
468 6341
57 1120
143 2058
317 2908
4251 8702
5356 8109
5719 7746
5981 7484
6120 9393
2643 6726
2824 7057
3043 5302
4075 4782
143 4107
834 3416
2543 2731
2774 3524
2834 3976
237 429
3524 8918
4932 9558
6033 8969
73 8273
1689 7169
1126 9780
3048 7346
3320 8098
4915 7015
5818 6112
6694 9844
8681 9393
268 4495
1020 4767
2453 3334
81 6218
3455 3868
118 2597
1097 2642
4819 9160
6289 6666
6124 9391
1168 8203
1924 7447
8002 9049
8295 9780
8473 9602
8590 9485
9757 9854
466 5322
1913 2339
517 7319
179 6121
553 7283
2339 5497
1487 6349
1005 5295
3042 3770
11 145
982 1222
5249 7707
5779 6665
5572 9944
5823 9181
7116 8912
145 8203
243 8617
2319 7053
2643 6217
2780 8128
3334 7574
4332 7088
5877 6055
771 4506
2571 5266
3471 9486
6567 7414
6687 6782
5463 9542
1221 7640
1377 7484
1594 8291
2182 9751
2237 8160
4680 5717
5466 5955
5690 5731
5698 6235
9542 9559
2834 2956
750 7088
2482 3820
3587 4251
8 662
5572 8410
57 9317
193 9181
2734 6640
488 8886
552 7798
3398 4952
3418 4932
2146 9276
2339 8059
3022 8912
769 3998
849 4942
2299 2468
511 6304
3020 4307
3524 4315
57 102
394 789
1012 2731
7066 7429
43 9844
138 9237
1685 6666
4126 5249
2643 8780
3732 8203
4823 6088
9346 9757
84 5196
800 4992
1611 3157
42 6774
1093 6235
1222 2010
3233 9727
4879 9105
6037 9483
6580 8940
662 7690
2975 6401
4157 5731
2834 9102
4089 7847
5336 6088
8203 8341
21 4236
859 3398
503 6826
397 7444
2582 3723
2597 4220
2945 3872
3020 3797
3524 8925
3912 9049
4107 9366
4814 9171
6385 7088
6897 7088
6124 9909
6826 7671
6860 7637
2058 9367
398 4884
800 3970
179 6639
1886 4932
2908 3910
3369 3961
3434 3896
35 1151
690 1008
495 1715
509 2725
3291 9671
4081 9393
5106 9392
5771 9751
6180 8830
6283 9751
6782 8228
73 9817
348 9542
2399 5955
3795 4559
3917 4437
4398 5492
2870 9068
3134 7268
3795 8143
3867 6535
6915 9631
552 4219
426 1273
509 3238
565 1646
1221 2014
5587 7376
6954 7033
6271 9252
6962 8561
1020 8359
3158 5709
3374 7541
4000 6915
4162 6753
4251 6664
4942 5461
5125 6302
8203 9368
8597 9486
9489 9618
145 5651
1005 3255
2354 5490
42 1658
1066 2682
1590 1646
3956 9008
5266 8210
5831 9181
1815 7053
2354 7026
3795 4561
3931 5449
4171 7769
5274 6666
7725 9847
88 5709
426 4347
887 3374
1222 3039
1222 6623
1009 2740
4763 8202
5218 8259
5907 9618
7268 8769
712 9181
1074 7283
1304 7053
2643 6738
3282 5587
3872 4485
4819 5074
1844 9073
3597 8344
3867 7050
4884 6545
8912 9173
81 4181
89 5709
91 4171
395 3867
1330 3956
511 5799
3403 3931
1185 1541
5587 7379
5830 8160
6902 7088
5017 9485
7790 8248
579 8291
1699 7171
4162 4196
1009 9397
2459 9483
3044 8898
3872 7558
4830 6088
7352 9710
7727 9847
739 3524
49 1654
69 2146
431 3320
1158 2081
1318 1409
3956 9523
4623 8344
5717 8786
5770 9757
657 7702
2279 7616
2429 6954
2682 6189
3524 5347
3829 5042
4251 5644
7088 9975
9779 9844
59 5229
1627 5709
1974 5874
2401 3911
3016 4832
260 2468
466 3286
1224 2016
2828 9628
4942 8026
5112 7856
5572 9956
6911 8617
278 9618
2868 5492
3723 5661
4570 4814
2248 8160
3043 7365
4080 7352
4519 6401
4915 6517
6709 9843
7244 9308
73 5728
1487 3802
2713 3088
2785 3016
1585 5240
1975 5874
4902 9603
7424 8617
73 9312
2117 7268
2642 6743
3032 5329
800 9609
2816 8617
3141 7268
4256 6665
7070 9483
9116 9485
2081 3721
1671 5667
3518 3820
1571 1671
3549 9933
5594 8912
6045 9485
7022 7484
202 8160
1945 2834
1069 6782
1465 5874
3042 4809
86 3157
3703 9780
4942 9053
5709 8286
5877 9142
6379 8128
834 7529
1579 6784
3820 4543
568 9843
1671 9764
2354 9081
3334 7077
4915 7032
7316 9751
9126 9989
9657 9970
1406 3374
1425 3867
1497 3795
937 6915
2143 5709
2747 4593
3169 4171
2870 9590
3398 9574
3866 9618
4075 8897
5220 7752
6523 6961
5877 9143
2475 6401
2866 6010
2870 6006
1743 9181
3016 8932
4379 6033
7088 9468
9359 9757
477 3792
262 6567
1008 6845
3305 3524
3291 4050
206 2015
789 1432
1224 2533
1715 2042
3580 9393
6010 6963
6058 6915
5383 9126
6340 9705
7189 8344
610 8267
205 8160
2354 7547
3157 5720
3434 4931
3512 5877
3628 5249
928 9485
2340 8073
3374 7551
6852 9705
7071 9486
18 4252
73 4709
144 7198
268 7586
1020 5810
2011 4819
2597 4233
3235 4107
676 2058
1188 2058
3127 9847
4513 9485
5185 7789
6033 6429
6767 8767
257 8109
397 8993
662 8216
2055 7847
3118 6784
2468 8458
2769 9181
3233 8717
3829 7609
7632 8926
9392 9726
481 4814
850 3933
1851 3956
286 7057
2529 4814
2642 4701
55 1656
21 666
2731 9732
3643 9844
4417 9582
4664 9847
3044 5835
3435 4932
2908 9043
3390 8561
4942 7009
73 5223
906 4902
1924 3884
570 1654
1020 2228
3338 9126
4902 9098
6401 7599
7057 8991
1 8879
3291 6101
4417 5487
1020 9396
8267 9829
3013 3820
268 2469
1020 1717
4096 9393
4344 9657
5877 7612
6033 6944
6880 7121
7268 8269
2 8879
1224 8169
3359 7570
4383 7570
4702 6739
2468 3342
397 5925
1151 5683
1541 5805
2116 4718
2354 5504
25 2713
2715 9751
4238 9252
5818 7160
6246 7244
6051 9487
6415 8099
1433 8473
3185 5185
1179 9751
3233 7697
3240 7178
3829 6589
7587 9487
145 4642
919 3868
1939 3872
1222 5613
1487 5860
2734 4613
3398 9069
4581 8910
5266 7201
6257 7746
5410 9105
6782 7733
7088 7939
7121 7906
7458 8081
524 7847
1192 8203
1210 7673
1454 7429
1804 6567
2581 6302
4252 5143
3956 6463
5566 5877
7324 9751
9007 9092
8764 9847
207 4581
426 4362
483 5329
1776 3524
55 7805
2162 4162
707 1009
215 3549
295 2957
6721 7283
6918 7086
769 7603
2227 7169
2642 6242
1175 9757
1227 9705
2588 8344
3177 8267
8407 9181
321 3956
584 5229
1541 4272
1998 2279
431 6918
3398 3951
367 3398
3343 9126
6372 7121
6901 8128
7338 8203
518 8879
662 7711
803 7570
1924 7985
3313 5572
4417 4468
3016 8429
5240 5693
5329 5604
7745 9844
73 7277
1002 6860
3482 3868
42 140
900 2354
2852 9618
3740 9754
5890 6580
7075 8979
426 8460
2749 7673
3961 6973
8259 9331
8771 9843
9237 9377
1222 5105
1322 6541
1620 5731
2870 3457
2990 3337
145 2598
5266 8741
6915 9140
6949 7570
543 8344
2339 6548
3044 5331
2279 8656
2354 9093
3157 7778
1484 3820
179 7685
662 7202
3240 3600
860 2908
3157 9315
4756 9252
5185 8823
5240 8256
5266 8742
6656 7352
6725 7283
1009 7367
2279 6609
4180 5220
2645 8291
2828 9132
3356 8604
3792 7656
5093 6867
7484 9084
8926 9690
9181 9947
789 6052
511 6330
1221 6132
1409 6456
1224 5617
1671 5682
2643 3686
214 3043
834 2423
2716 9757
3931 9054
4336 9161
4336 8649
4814 7659
5877 6596
6415 6570
5036 9485
6515 9542
2870 7043
3148 5229
3867 5022
3956 5957
4437 4964
511 9914
1924 9013
5266 6183
201 4593
754 6088
1111 5731
189 509
421 789
426 2832
576 2682
3334 9652
3750 8724
5266 7720
5572 8950
5702 9844
6122 8912
6430 8604
7254 7268
145 8745
865 9049
3511 6915
4932 5494
5093 6357
1646 4173
206 7149
2932 3911
4417 9082
5306 7169
5816 7171
6442 7057
1803 7088
2671 7244
1095 9844
5208 5731
8128 9467
492 3792
635 5185
2028 3792
1527 6341
1671 5685
2913 3931
3044 4824
178 2058
1202 2058
3961 8515
4348 8128
5305 7171
237 8655
2793 5587
1715 9737
3050 7378
4911 7053
7601 9483
7968 8604
8926 9694
1992 3829
2339 2458
245 6088
511 6334
597 7272
57 644
104 3157
268 1969
426 2323
2991 9486
5419 7570
4991 9534
6567 8470
2352 7053
3829 5064
2118 9847
2354 9611
3475 6954
2728 9237
3094 7847
7087 9486
771 3515
834 3964
23 7847
511 6847
3096 3750
3524 3834
105 3157
4453 9049
4590 8912
4971 9555
6624 8926
7292 7746
376 9542
1924 6970
4417 4989
1451 8979
1924 9018
3670 7272
5625 6341
6881 9693
7893 9705
8291 8795
212 4075
397 5426
1151 4160
2031 3792
57 7814
1009 5838
2053 5818
3567 3792
5572 8443
2547 6860
3398 6521
774 9657
2484 9483
4702 5729
4846 7121
5240 6215
5445 6010
7673 9926
8267 8308
8625 9486
1752 3048
1629 5731
3020 4340
3750 4122
73 119
53 3723
473 2279
3501 8979
3549 9955
4943 9073
5229 8787
6451 7053
5572 9980
5772 9780
2081 7839
3337 5559
3677 5731
2870 7562
3859 8109
4063 6881
4171 6773
4932 5500
7756 9844
8419 9181
9751 9897
1224 3577
2156 3157
1221 6140
2446 4915
2788 3549
3750 4123
22 2731
183 2058
735 3042
1019 1222
3244 9237
3549 9444
4581 8412
6088 8441
7448 8617
1654 6731
662 9771
1715 8718
5229 6740
7850 9751
1224 4602
1562 3240
304 7570
55 1163
3398 9596
4626 9392
5572 7422
5936 7570
6961 8593
84 8302
2677 5709
879 9555
2734 8212
3867 7591
3868 7078
1240 4075
1020 4807
488 7387
2655 5220
3005 3334
3020 3319
223 3044
552 2203
769 3010
1021 1222
4417 8066
4946 9073
6187 8344
6752 8291
1151 7236
2081 7330
1831 8604
2468 8479
3233 8738
9237 9902
9757 9894
771 4545
2340 3488
1005 5335
17 179
57 139
191 517
3050 9946
5955 8065
642 7746
1009 8403
1946 6954
2570 5818
3807 5093
3867 6057
2355 8081
4533 6415
4942 6518
6904 9676
7416 9676
7606 9486
8473 8619
1487 4342
39 6302
144 6197
452 6401
466 5875
1648 5717
552 669
574 1671
1216 1541
3093 9392
4171 9850
4357 8128
6332 6665
6817 9252
2146 7267
2642 6259
2597 8352
4437 6512
6824 9757
52 5266
1669 5185
308 7570
45 2713
145 2101
4025 9485
5572 8450
5794 9252
42 8348
2432 9542
3795 7155
7040 9542
8480 9126
55 4240
435 4884
732 4075
1020 4811
144 7223
246 7121
2597 4258
2642 4725
3060 3795
72 1151
237 3546
6084 6915
6826 7197
5874 8661
6453 9618
6881 8166
7268 8803
3048 7903
4599 5840
4896 6567
5220 6243
5955 6020
179 5141
511 3785
897 3911
1413 5955
2834 5046
39 3233
47 2713
190 2058
4328 8160
6826 8222
7268 8804
206 8698
2146 6758
3172 5220
1221 9731
1671 9281
1924 9540
3374 7578
84 5237
662 4147
850 7031
1221 5636
1430 4915
2606 4251
81 2168
206 2043
261 3524
5944 8081
7433 8128
73 9856
1988 7429
1924 9541
3016 7425
3829 6612
4252 7213
5220 5221
5229 6236
8248 9873
16 5818
1020 3278
1450 3872
268 6590
416 1322
81 3705
1047 1715
4814 7676
4910 8604
5572 7430
7570 8504
7826 8248
1541 6853
1735 7171
2183 8259
3252 7702
3793 7673
4437 6005
4624 5818
4819 6647
8537 9073
742 5093
1221 3590
1657 2642
2466 2857
2278 5093
2892 4991
204 511
5813 7702
6078 9485
6447 8604
2577 5818
2686 5709
2707 8248
3291 7152
7675 8912
48 4252
145 5691
145 5179
705 4107
237 6111
319 7053
1928 4932
3928 3956
42 162
426 1314
425 2339
4443 8561
4932 9608
7352 7700
7873 8203
57 9363
2643 5753
2682 7762
5266 6202
2517 3320
2821 3016
1221 5640
1221 5128
21 1720
320 2957
4702 7791
5050 8979
5572 9481
7169 8908
1077 8344
1730 8203
4145 4252
1487 8958
2597 8360
6666 9923
8888 9237
20 5818
510 3792
1660 2642
932 6954
1250 6124
2340 5034
2857 5029
2957 3393
3016 3846
62 144
40 3750
258 3020
408 2870
4187 9843
6460 7570
6587 8979
145 8765
789 8633
1733 6665
3178 5220
4107 4291
2202 9780
2853 8617
4252 6706
4358 6088
5382 6088
5492 5978
6782 9808
8784 8830
834 5005
1732 4107
2499 2828
21 7354
1487 5376
3665 8830
5220 7275
5818 8725
6841 7702
7271 7272
7746 8333
397 9026
915 7484
1445 6954
2597 9386
7256 9847
9485 9666
145 5183
1409 3407
767 7121
789 5563
1646 4706
3016 9480
4437 8571
4806 8202
4902 9130
5240 9816
6237 9843
7971 8109
2339 7085
3240 6184
4336 4576
7859 9757
8609 9007
627 4702
655 4162
1151 3666
1592 2713
145 7232
1645 5220
206 1539
144 2113
1487 2306
2734 9763
4437 8572
6580 6941
5220 9837
6802 8767
7088 8481
4606 4819
1117 9844
3531 6918
3956 8029
8912 9217
711 4107
2049 5329
2393 3961
2643 3711
2643 5247
488 746
509 2773
3043 9967
6469 7053
6465 9105
7057 7489
377 9049
4252 4662
2116 9870
2828 7622
3240 8234
3829 6621
7570 9024
399 4932
771 4560
1949 2870
769 5586
771 6096
1440 4915
3956 9567
5144 7355
7313 7746
42 8873
206 8197
713 8202
2500 6415
3584 4819
3675 5240
511 9940
1487 9476
3048 7403
3108 8879
4075 7400
7856 9251
934 3374
1464 3868
81 6787
1537 4819
14 1222
114 2146
3050 9450
3740 8760
5156 7856
5240 7772
5891 7121
5955 7569
6846 7702
7355 7705
37 8879
661 8767
3043 5873
1473 8979
2981 9007
7110 9486
8128 8468
9007 9637
84 4225
268 4553
511 5846
2834 4547
3050 4331
3124 3233
115 2146
2957 9544
4162 8339
4765 8248
6717 8344
6858 8203
6860 8201
599 8830
1545 6860
4200 5229
3621 7856
9253 9392
876 3434
1221 4113
426 6444
426 6956
300 426
426 812
775 1487
3833 9181
5329 7173
5548 6954
7088 7462
57 8861
206 8712
957 8473
2065 6341
3750 5168
5249 6741
511 7384
2116 5267
2834 4549
81 646
81 134
144 3143
4814 9225
5492 7011
5572 9491
5824 9751
6137 8926
1017 8926
1581 6826
4100 4819
3048 7407
4310 7169
5177 6302
5689 6302
150 4162
2279 3569
3016 3344
3042 3830
6302 6714
6124 8428
6503 8561
7244 8332
299 8109
1320 7088
2116 8340
3734 7746
9030 9618
9483 9677
117 5220
458 6415
625 7272
2056 5329
2957 4940
252 3549
552 1713
759 3042
3778 9751
3931 9086
4214 8291
4424 8081
4902 8115
6033 6984
5797 9780
6396 9181
9 8912
2058 6351
3044 6389
1578 8879
2597 8884
2682 8799
2908 8573
4171 7822
4252 6205
6915 9686
7571 9542
8267 9358
880 3434
604 6782
771 6103
2870 4516
57 2721
517 1749
779 1487
1205 2597
1224 2578
5731 7287
6670 6860
6881 7161
2731 7215
3495 4915
3673 5249
4819 5127
1646 8812
4991 5979
7484 9118
8081 8521
466 4873
144 5195
145 5706
1224 3603
2556 3295
397 6990
488 6899
2870 4517
3434 3441
268 463
2834 9673
6671 6860
7169 8922
850 7561
2731 5680
2828 6607
3558 5877
3868 7103
3883 7088
4336 7147
632 5220
1005 3823
1508 3320
296 6580
2625 4251
552 692
5731 7289
7244 7824
1924 6488
2734 6702
4593 4843
3872 8124
4819 6153
5095 5877
5731 6265
6757 9847
8604 9536
924 4417
2058 3283
2556 3809
3524 4377
466 1291
536 1221
397 1872
84 9353
2116 6297
2279 7670
2957 5968
4457 5492
2154 9843
8912 9229
1078 3240
426 6964
1076 6826
1424 4942
1994 4884
2061 5329
73 3221
649 3157
1005 1265
1072 2734
2857 9653
3020 9490
5901 7121
7368 7702
42 8372
659 8267
3829 5097
2381 9105
3524 6938
7673 9957
1541 4314
1780 4075
1541 4826
1541 5850
84 1675
4290 9757
6692 7355
6826 7221
6235 8324
6344 9751
3374 6577
3424 4991
5240 5735
9007 9648
84 4748
2146 2174
214 6666
1023 6881
3233 4671
145 2127
766 3042
4107 8405
5268 7244
5455 8081
5709 7827
6665 9431
2382 7570
3054 5874
3168 6784
662 9802
2908 8580
2908 7556
4298 7702
4376 6088
8561 9071
57 4264
1876 2957
42 7863
789 5580
2713 3656
3231 4162
426 2359
1646 1651
5329 7184
5266 9295
5380 9181
6346 9751
6578 9007
7088 8497
7337 8248
7429 7644
1760 7169
1825 8128
3072 6881
2713 6728
3016 6425
5093 6908
8265 8344
179 6191
476 6918
814 6580
26 1224
254 3044
2870 9644
4409 8617
6879 7171
6405 9181
55 8875
1695 8259
1845 8109
3198 5220
4336 4594
5700 6302
622 5237
2067 3792
1043 5840
1554 5329
3439 3956
488 1275
179 2608
743 2556
5093 8446
6961 7090
5877 8686
1447 7484
217 8202
259 8160
2282 7673
4252 5703
3829 5614
2516 6415
2711 7244
3129 6826
3659 8344
7930 9705
2002 2834
31 6341
1279 5093
314 426
55 3245
280 3020
662 1614
1055 1221
1099 2713
5515 9049
5877 8687
6341 8735
6782 7782
6891 7673
7429 8159
1367 7053
2734 6710
3092 5840
1008 9460
3737 8267
5185 5283
6765 9847
8473 8651
1409 3940
1468 2857
2354 2995
3434 4475
552 701
789 976
76 2713
3044 9985
6826 8251
7 8926
3860 7121
5237 5744
6860 9753
8109 9528
9252 9409
771 4067
1394 3956
2556 2794
57 6317
509 5865
1281 5093
2731 4155
179 563
233 509
3033 9485
3723 9307
5229 8825
5266 7252
5762 7268
5874 7668
4884 9682
163 8259
769 7653
2713 6221
2058 7900
2340 7618
2643 7315
3867 4555
3417 7053
5146 6860
268 7131
585 6302
2635 4252
1137 1654
3398 9121
4991 7528
5329 7190
5877 7154
6628 6915
318 8617
1005 8442
2642 6293
3078 6881
1326 9657
3904 6567
4713 6782
1221 3619
2354 2998
1162 4702
2354 3510
834 1446
4061 9483
4593 8951
4884 8148
5130 8926
6124 7932
6782 9322
157 8267
2391 6033
2634 6302
3950 6010
2782 8202
3336 8160
4141 7355
8291 8325
9178 9486
237 5628
1317 3524
1507 3334
2339 2502
2483 2870
2817 3048
3044 3845
289 3016
850 1431
3276 9757
5249 7784
5453 8604
6033 9560
6667 8926
7121 8472
3723 6238
1409 9576
3872 6601
4991 5994
5262 6235
125 5229
279 5587
2317 3549
405 4437
886 5492
1005 6909
466 792
3829 9717
5240 8818
6826 9280
7858 8248
1257 7169
2874 7088
3337 6625
3542 4884
789 9685
2828 8158
3239 8259
3556 6918
4252 7758
4329 7169
5709 6301
6771 9847
1793 3050
1642 5249
3320 4083
3334 4069
3040 9483
3337 9698
6302 7757
6341 7206
7002 7057
7947 8160
572 8879
662 9301
4252 5199
1374 7053
1761 8202
2116 6311
2710 5717
2273 6666
2556 6383
1294 9181
5185 6314
509 5359
2828 3552
488 772
3961 9587
3963 8561
4065 9483
4216 9844
6124 9984
6228 8344
7228 7856
1292 8160
2340 7112
3872 6092
2697 8291
5152 6860
7355 9777
8365 8767
9780 9912
2058 2787
2058 2275
2340 3529
21 7896
1132 5249
805 3016
3320 9205
3723 9314
7130 8979
1372 7057
517 7912
2957 5472
4162 4779
2741 8248
21 5337
505 3829
57 7861
1009 5885
2307 4075
144 3678
780 3042
1009 2813
1180 2642
5818 6708
6157 6881
6958 8128
8001 8109
270 8160
2285 7169
2468 7498
3355 5587
1224 9254
2857 8645
3240 7750
4819 6171
7889 9757
268 5603
2134 2713
73 6822
111 6784
1221 6186
1671 5224
2731 4164
8 2279
834 1453
3157 9370
3401 9126
4990 8561
5587 6940
5804 8259
5545 9542
6860 8227
838 8617
480 9487
2129 6302
4075 4868
1286 9705
1436 9555
1504 9487
4037 6954
4269 7746
4391 6088
5927 6088
6954 9669
29 4819
229 4107
1005 4867
1531 3829
2857 3015
264 488
5240 7800
5240 8312
6318 7746
5533 9555
5650 8926
6015 8561
7342 7746
1042 8926
771 9709
2731 9285
3043 7437
3422 7570
3913 6567
4819 6173
4924 6580
9427 9757
1798 4075
2468 2893
248 7673
517 5868
1067 1222
4389 9676
4949 8604
5877 8700
7484 8117
2058 7399
2702 5731
4437 5532
1671 9834
2642 8863
4869 6124
8770 8879
9555 9630
1222 4140
552 3786
449 6961
456 6954
1924 4974
3020 4390
3320 3578
488 2314
758 2556
998 2828
1009 2305
1390 1924
3434 9096
3872 9170
116 8830
3434 6024
3997 4437
2280 8202
5572 6446
8033 9105
8473 8665
8879 9283
448 4915
2279 2572
56 7355
397 5990
2682 5241
426 841
6235 8856
6487 8604
6836 8767
6918 8173
2688 7283
2734 5701
3050 6921
3337 6634
703 9780
1671 9324
3522 6961
5138 6881
127 5237
1832 3020
2279 3085
426 5962
479 789
1360 2468
2957 9575
3016 9516
4107 8425
6401 7667
6782 8310
2607 6341
3119 6341
3320 7164
8011 8617
8772 9392
2340 3025
488 6925
2340 5585
466 1315
73 3756
1683 2146
5707 6826
5854 9751
7057 7524
466 9507
994 8979
2544 7429
3131 5818
1150 9847
3432 7053
3662 7847
4753 7268
5185 5300
5185 6324
5425 5572
9122 9555
91 4251
641 5237
1441 4437
630 6784
1008 6406
1020 5370
1838 6088
2081 4309
2595 3795
21 225
164 2642
5190 7856
7497 8109
57 8381
3044 5394
2116 9906
2467 9555
3750 7248
4171 6315
8605 9049
950 4417
1457 3398
789 6114
129 1654
467 2340
800 3031
4510 9049
4729 8830
5229 7306
5572 9011
71 9392
1478 6961
3048 6927
4584 6415
4942 7081
8164 8979
21 5859
145 4711
359 7057
662 5730
1015 6401
1490 4902
21 3299
586 2734
1686 2146
3372 9676
4814 7722
7429 8691
391 9073
237 9739
800 9176
1924 6516
2354 6086
2805 7171
1541 9971
2957 7531
3317 7171
3320 7680
3810 7702
4876 6124
7268 9364
8203 9453
8626 9542
378 4991
1065 3792
1809 3048
1924 2933
144 6249
2088 5329
2177 5240
1073 1224
2731 9806
3872 9689
4437 8612
5024 9049
7250 7847
1671 7282
2548 7429
3792 5161
3853 6124
2234 8767
2828 7661
4972 7053
2204 4702
2287 4107
3240 4690
591 2731
6681 6881
5840 8746
6341 8757
2908 6558
1008 7946
905 8561
845 8109
3312 6666
3743 6235
3257 5185
2468 6486
4052 4902
3592 5874
3320 7682
8617 9553
1551 3820
1146 5249
3549 4382
3679 3740
3867 4064
144 2155
1481 2354
4107 8432
6208 7355
1617 6826
3829 6150
4247 7268
4634 6881
5240 5251
5482 6033
7490 9657
426 3922
2354 3018
441 5955
2225 4171
44 3792
509 2815
511 3325
2713 9827
4785 8267
6341 8759
7018 7570
1100 9392
2682 8322
3684 8344
4537 5955
4656 6860
418 3931
466 4395
2331 3042
2357 3016
488 7445
1020 5377
2092 5329
74 1715
82 2731
281 3044
1008 2829
1715 2122
5229 8336
6722 7355
3524 5433
3977 5492
2081 8924
4538 5955
5220 5273
43 4819
488 5398
620 5266
787 4075
826 3524
2019 3867
757 6665
2354 5068
466 2348
4321 9757
5249 7293
6498 8604
6874 9252
552 9430
1224 7734
3593 5877
3931 5539
1222 9272
1582 8912
3750 8280
4417 6077
8344 9318
1140 3723
1414 3961
1821 3042
58 6341
73 6326
397 6002
1009 5390
259 2556
1646 1681
4175 9392
4819 8748
4942 9137
5951 8128
1223 8248
2631 7352
2734 6737
3467 5492
3326 7169
674 4702
3167 3233
1782 2058
3792 9264
4581 9499
5773 7283
4932 9660
5867 9237
7268 7836
2340 6620
3237 6235
3291 5669
3969 4991
3291 7205
5329 6703
7352 9800
8267 8373
163 4702
1062 3291
1296 4593
1885 2468
81 6832
3050 4375
3633 8912
4107 9974
4176 9393
4252 8805
5277 7268
5321 8248
5258 9847
5587 9518
702 8259
789 8172
978 9007
1783 6666
3795 5678
4032 4417
2081 9440
2751 7746
3654 7355
7396 9757
984 6954
1124 6302
2845 4581
237 1557
268 1526
522 3320
662 3180
1008 1298
5966 6580
6235 6823
7283 8335
1001 8473
4171 4791
1449 9049
4250 7272
466 3889
517 3838
2731 3160
1412 4991
2731 4696
3042 4385
3398 4029
973 2870
6954 7129
7244 8375
3320 5643
2032 8979
2642 8369
3868 8167
996 3872
1628 3240
1924 2944
2271 2597
2735 3157
57 6859
73 7867
2468 4960
2642 5298
3865 4075
3006 9542
4646 8926
6123 8473
834 9154
2419 7057
2867 7121
3377 5587
2734 8278
3750 6750
3927 8109
490 3867
1176 5229
2279 5662
2340 5089
251 2058
2642 9907
5266 7795
6134 6415
4593 5396
1541 9472
2654 7847
3052 8473
8150 9007
9454 9751
2013 2857
78 7352
1587 4819
1986 4932
3240 9822
4501 9073
6339 8259
6665 7933
7494 8128
187 8267
1009 7957
3539 4915
4593 4885
3258 7244
8767 9927
769 7174
831 6088
1708 6235
3044 3363
3048 4895
3048 3871
850 1461
3398 9153
3521 9542
3824 9751
4796 8267
5590 6961
6220 7355
1008 7959
3792 5175
3820 4635
1736 8767
1985 9542
4134 6881
552 3808
1132 3740
1560 4336
1654 4754
2908 3500
81 695
81 1207
1509 2339
2857 9695
3573 8979
4184 9392
4932 7620
6884 9252
720 8248
2904 7088
3128 5840
3166 6826
4661 4819
828 9676
2957 9083
3048 7456
3374 8154
3383 7121
4202 6302
1857 3016
2870 3027
21 7924
165 7268
1494 4915
2542 3867
4702 8363
4814 8763
5310 8267
5437 9676
7268 8869
179 9814
1226 8767
756 9237
3989 5492
662 9843
2734 8283
3398 8643
3524 6981
3682 7847
4437 7092
1671 4227
2468 3430
1605 6341
1646 4764
2159 4251
2643 4279
4252 9326
5271 9843
497 8473
1224 7234
1715 7767
3048 5922
663 9843
1715 9303
3374 7132
1224 4675
1409 3978
839 5572
1009 5402
3320 4627
57 2770
4986 8081
5795 7272
5840 7739
6415 9212
1810 7673
3931 5040
4022 4437
1500 9007
2791 9252
4702 6829
1313 4075
1520 3868
1541 3335
662 5750
800 6636
850 1466
4162 8906
4171 9921
6784 9356
3157 6327
1654 9878
3872 7148
4363 7169
6961 9691
7570 9594
7740 8912
84 4281
861 7088
3034 4915
2908 9649
3074 9483
4075 8994
6124 9505
6556 8561
715 7746
2908 6065
1409 9612
2201 9844
4412 7121
6948 9705
8996 9705
2012 2354
2058 2308
2107 3795
2520 2870
1833 5093
2585 3829
2621 5329
2684 5266
3016 4934
3331 4107
3533 4417
22 3320
662 3192
997 2857
3003 9555
5641 7429
6143 6415
6915 7179
6288 8830
7069 9073
7548 7570
302 8160
1221 8777
1178 9844
667 9843
1025 9485
1322 9700
1365 9657
4819 6715
5229 6305
1541 9993
1687 9847
2834 8188
3911 8135
1646 3745
2583 3320
360 6567
1487 4928
84 1723
42 3301
6013 9618
81 9406
771 8204
3291 5684
3398 5065
4251 5236
4733 5266
2564 9483
3277 7746
3911 7624
4191 7856
5185 6350
9751 9976
1331 3549
2220 5220
268 1028
41 2279
552 2792
5185 8911
6665 7431
145 9855
3099 5877
3549 5939
4171 5317
1482 9542
2597 8939
3961 6551
4683 6341
5185 5839
8707 9485
198 4171
402 4991
665 5240
2147 2734
16 6401
84 1213
1008 2337
6784 6801
2682 6807
2967 6010
3820 4645
1693 9844
2642 7871
4932 5581
4942 6595
8767 9938
42 5864
119 4251
488 4394
1487 4419
710 7244
1020 5910
6 2828
397 1925
5391 7171
3820 5670
4773 5229
662 9852
2828 8710
4932 5582
8064 9618
8344 9338
397 4486
547 4336
2026 2857
253 7702
471 7484
1566 5877
3000 3931
850 961
4918 9181
5807 7268
484 9007
3434 6569
3765 4702
2340 8175
2734 7781
3458 7057
7673 8986
1006 4902
2556 3352
1411 6033
72 6860
1114 5818
1434 6010
2340 5104
2464 5492
4915 8161
5476 7088
6010 8602
7088 8548
206 9286
145 9347
3291 6201
3048 5420
1654 8350
3750 5230
3750 7278
4162 6866
4487 7053
662 4223
57 3804
771 3090
4822 8767
796 7673
69 8912
2643 5826
2650 7355
2957 5512
2870 7647
3691 6826
3723 6794
4420 7121
7847 8814
8317 8344
267 4107
397 5001
769 3605
1595 3291
1954 3956
1008 5926
81 197
629 3233
1224 2126
5874 7204
5584 9542
5840 9798
9 9485
519 9487
1005 8489
2235 6235
1639 8879
1901 8617
2081 8437
3549 6969
4430 6088
6954 9708
8637 9049
419 5492
789 4610
920 4991
1218 5717
1654 5281
73 1742
485 2354
3872 9719
3915 9676
4720 7847
5874 6693
311 8160
511 7960
1322 8685
1759 8248
2354 9189
2734 8297
2950 8081
3868 8187
5587 6468
7856 9831
8200 9487
9228 9483
9843 9892
508 3868
834 4054
2291 2597
2332 2556
1059 5877
2463 3961
3373 4075
3829 4131
158 2682
179 3685
816 3048
1151 1177
3323 9757
3740 9340
5220 7348
5587 8005
4991 9625
7240 8912
736 8248
834 8662
1654 8866
3042 7478
3048 7984
73 4304
446 3931
2163 3750
2340 2549
55 6370
145 6280
166 7283
337 6088
2468 5493
2494 3931
268 1037
297 1008
1221 2132
2722 9847
3014 9555
6299 6782
5132 9485
6341 8788
6826 9327
55 9442
129 8344
936 9073
1005 7980
1206 8291
1295 8202
2153 9392
2339 9206
2734 8299
3464 8081
268 5134
81 5833
552 3826
628 3750
2247 2643
81 6345
362 7088
489 6961
73 1745
81 1737
800 3066
3084 9486
3563 9007
3723 9871
4410 8160
6164 6918
6341 7253
5737 9393
7394 8248
73 8913
4057 4417
4170 5840
4172 4814
4249 5249
3750 7284
488 5427
1823 2556
1840 4075
2249 2642
24 6915
637 6302
268 3087
3931 8640
4621 9486
5745 6826
7864 8291
488 7987
2545 6954
2958 7053
3233 5754
3872 5627
3387 8160
4171 7888
4369 6666
8202 8977
8926 9789
1555 3337
2210 2682
1437 4991
3291 3649
21 3847
4814 9294
5129 8979
5906 6666
84 9416
2539 6961
3792 5708
2146 9402
3050 9010
3436 7088
4437 7111
4581 5943
4793 5731
5003 7057
9237 9479
176 5229
466 5451
818 4075
834 5595
853 6088
217 2116
511 3358
4042 9555
4491 9618
5237 9384
6920 9237
7108 9049
517 9496
2229 7272
3211 5266
3524 5465
4336 5677
1518 9007
2731 8306
3173 7352
3398 7127
3931 8130
5201 6860
9049 9156
1144 3750
2338 2556
2214 5240
2834 3596
817 1005
55 3303
3019 9555
3957 8617
5339 8259
6010 8100
488 7990
850 8140
2341 7673
3188 6826
4522 5492
1191 9847
1715 9323
1924 9114
2339 9211
2857 7669
4206 7856
5397 6665
7673 8997
8018 9676
8248 8422
511 4384
699 5220
1426 2957
2597 3322
1005 5938
1102 5329
2738 5229
3203 4252
3398 3545
21 778
84 3275
4231 8344
5492 7595
5616 9007
5709 8914
5803 9844
6662 8473
6665 9494
112 8879
1222 8281
3155 6860
3660 4819
4775 5240
2731 9332
1959 3961
2165 2731
2687 3233
1725 5731
3632 4336
488 1336
927 1409
2732 9844
4107 9493
5092 7484
5551 8561
6575 8561
144 9872
397 8595
2339 6653
3773 5731
4404 6124
8591 9105
1236 5709
1333 6124
21 2828
78 3795
1195 1654
3931 9670
5953 8160
6401 6688
5877 9260
7272 7353
1222 7259
2828 6165
3723 4758
4075 4406
4593 4912
2734 8819
3042 8511
4819 7246
5200 5329
5818 6247
8128 9057
9483 9750
268 5142
2362 3048
1322 4600
2339 3583
618 7352
2146 4288
3043 4927
3911 4059
806 1020
824 3050
1487 2387
4041 9049
4336 8242
4450 8128
4629 9485
4722 7856
145 8849
313 9705
1890 8128
2834 5648
1404 9126
2569 8473
3233 7809
4251 7815
8461 9237
1147 3240
1856 3043
2048 2339
2354 3057
2690 3233
505 6954
1058 6401
2340 5631
3037 3398
3208 4251
3398 4573
3829 4142
14 789
81 1234
141 662
511 1828
3750 8829
4364 9751
4437 8142
5847 7244
6302 7813
6580 8047
6676 9487
81 9426
1196 9847
1650 9393
8420 8767
2339 3585
206 6230
116 7856
1018 6954
2480 3956
81 1747
426 2426
6580 7024
5657 9483
868 8128
1676 8344
2339 6145
3867 4617
4251 7305
4581 6975
1242 4171
2870 3055
404 7057
850 7123
1409 5540
3020 4953
608 1221
4593 9012
6552 7053
241 9780
1548 8473
2828 6169
3783 4702
2514 9555
4130 6915
4437 6608
5185 5348
5572 6497
8585 8604
509 3881
686 5240
1701 5249
1721 5229
55 239
3374 9720
4215 8879
1166 8344
2908 6602
4313 5709
1199 9847
4991 7079
7573 9105
567 4336
81 7382
834 6629
1151 6312
1309 6666
488 1343
823 1008
3191 9392
6915 8740
7057 8086
7118 9049
7288 8879
786 9237
1222 8289
1830 7169
2116 7395
2597 7426
2597 6402
3163 6860
2870 9201
3618 7429
4437 7122
5656 6415
7484 9707
9252 9475
789 6163
1116 6860
1541 5411
3434 4542
3956 4020
396 8604
509 7979
3259 5229
1654 8370
1943 8081
2779 5709
1999 9049
2643 9429
4702 5834
4800 7272
4993 6567
8160 8520
8599 9105
9110 9618
1997 2908
145 6808
73 7904
1151 5290
2691 3750
3044 3397
3549 3916
73 224
6019 9126
6166 8979
6918 7715
6961 7672
1020 8493
1758 8267
2682 7343
3110 6915
662 9875
2834 8727
4171 6366
4251 7310
4317 7244
850 3544
1228 4702
1222 5732
90 3792
1016 2354
1824 2058
2828 9758
5249 7849
2058 6432
2339 6151
2731 6783
4421 5093
4841 5185
2713 9361
3434 7104
3956 8118
4601 6961
5673 6401
8600 9618
8981 9237
9049 9169
222 5709
552 4355
1061 3334
2339 3080
375 6580
2999 3956
3215 4252
145 154
294 1541
3045 9542
5329 7258
6239 6860
5529 9618
6415 8732
2675 7352
1271 9780
397 5535
1588 3320
1020 6960
3931 4049
771 2089
3256 9844
4162 8426
5780 8344
5492 9144
5731 9929
5955 9193
7283 7865
7702 7958
2834 6170
1654 9398
2643 8409
9094 9126
2752 5229
65 3820
511 3374
1151 1710
3044 9545
6567 7046
5151 9486
5266 9371
6735 8926
7302 7847
1005 7488
1151 7854
2078 6415
3800 5717
2643 9434
2685 9392
2734 9343
2971 7570
3374 8703
4652 6401
5185 6380
7484 9713
55 5367
538 4884
1356 3042
2908 3026
948 6010
2279 4167
167 1671
19 3867
397 2465
511 1839
1243 2643
1805 2081
5220 7882
5955 8683
6034 8604
7169 7981
2605 6401
2908 6610
2957 5537
3117 6401
3562 4932
3820 6210
3152 8926
3398 8168
9466 9780
9780 9978
1316 4107
3723 4260
837 3050
3240 9351
4942 9185
6302 7825
6437 8202
7168 9007
42 8965
662 8857
789 7706
2643 6876
3750 5257
1151 9904
1409 9646
2713 7830
3199 7856
4991 6064
7807 9392
7847 9352
9400 9847
331 4581
1409 4527
2693 2731
488 7496
2076 4884
1008 1344
4251 9877
4942 7650
1151 7857
1887 7121
2146 6862
2706 6302
3050 5446
3740 6292
2642 8414
3911 6633
4213 7355
4915 6141
5229 6851
5333 6235
6915 9773
834 4079
229 7244
1385 6088
2144 5329
2731 4230
2745 5240
662 1691
1005 2372
2734 9859
2870 9723
3354 9751
6088 8553
7272 7881
1785 8248
2360 7673
662 9883
2496 9073
3868 6677
5093 6988
5228 6341
8267 9446
8344 9881
466 3936
607 3795
1674 3240
1357 5093
727 6235
2199 4251
237 2629
544 2834
4466 8128
4932 9198
537 8473
2058 6952
4325 5709
4805 5229
1877 9181
3170 8912
3240 8842
9120 9618
9392 9858
13 4902
73 5866
1009 6466
2682 3769
2870 4093
911 2468
3414 9181
3931 9688
4648 9483
4863 9780
5955 8688
7349 8830
488 9035
2151 6860
3020 5991
3270 5229
7360 9843
8229 9486
8384 9843
223 5717
1868 3048
960 5492
2279 5197
2642 5346
3241 3723
4932 8176
6777 7355
5877 9791
4275 5249
3157 7391
3740 7832
4075 6985
4276 6784
4932 6128
4942 7142
5220 5328
7662 9542
2492 3961
2575 4902
2643 4834
3097 3868
81 228
562 771
1008 2373
3795 9826
3993 8604
4107 9514
6088 8557
332 9705
850 8675
1332 7169
1443 7570
3828 5185
4171 4842
4583 4942
2149 8912
3491 7570
3549 8536
4075 6986
4789 6784
5229 5832
5237 5312
7718 9487
8894 9847
511 3895
2074 3868
560 6918
2891 4075
3042 4948
530 2340
3549 9561
6445 6665
42 8972
2682 6844
2828 5674
3291 5723
874 9676
2283 8267
2556 7994
3893 7169
4994 6580
8025 9181
963 3956
73 238
789 3106
27 3868
511 3384
575 3320
1029 2354
3291 9820
4902 8721
4819 9828
5237 9410
6088 8559
1646 6857
2771 7268
3225 6302
3588 4915
4136 6415
5030 7057
5565 6010
8232 9487
1646 3274
1904 3016
439 1409
5185 7415
7580 8604
4162 4854
2806 7746
3162 8926
3334 7218
3740 6812
145 5288
1613 3820
57 6400
850 6119
333 6124
617 5840
2027 4942
3174 3795
3016 4977
206 1131
365 3020
2754 9847
5432 7169
6342 7283
6154 9007
3434 6095
2960 8617
3050 8015
3831 7746
5061 5492
9203 9542
1854 2556
2081 3353
2889 4593
834 2552
5572 8566
5840 7274
5717 8933
179 8327
414 8604
3398 6644
3016 8562
3723 8367
4714 5840
967 3956
1395 3016
1690 3233
1409 5562
2568 4915
2643 4840
426 2449
5260 8879
4894 9757
6795 9392
1151 8892
3048 6995
3926 5093
4135 4884
4438 5093
2094 9485
3043 8024
3398 8181
3723 8368
5057 6010
5210 6881
107 5329
451 3961
511 7485
662 5798
1008 5452
2339 4633
3062 3398
3104 3868
3750 4246
142 2734
4073 9555
4162 8954
4749 8879
6826 9362
7181 9007
3048 5972
4312 5220
2289 8267
2700 9392
8160 9052
2243 2682
918 6567
2505 5492
2834 5163
4902 7703
6199 6918
5913 9252
6302 9887
7088 8077
7244 7409
73 8948
369 9676
771 7738
3020 6513
3073 7484
3504 7053
4251 6818
8926 9823
57 5381
253 5185
1221 4217
42 7956
2594 3868
2857 4117
3334 4152
2682 7364
4162 4860
2250 9844
2834 7724
7057 9645
8391 9847
8617 9109
981 3434
1558 2857
526 6961
1221 6266
1671 5304
2682 3781
1005 1874
1261 2642
1322 2069
3911 9208
3911 8696
6805 6826
5474 9181
6452 8203
1280 8767
1550 6961
3411 6124
4043 5492
3795 7788
3911 8184
5572 6011
2413 5587
3020 4980
57 1287
789 2603
1246 2146
2713 9895
3637 9483
6267 6341
6553 6567
5626 9542
145 9903
1757 8291
3327 5185
3750 5786
1586 9486
2468 8092
4336 6736
8259 8445
42 4887
677 3740
2072 2857
1968 6033
1312 2081
3872 8737
3931 9702
3961 8648
5488 7121
5950 7171
1151 7874
1230 7283
4991 5058
3374 7699
5044 7053
7885 9844
1654 3788
84 7918
771 7231
1541 5949
3100 4902
34 3872
4659 9487
4831 8291
6415 8755
6580 9614
1005 8533
3740 5286
4178 4336
769 9793
3240 8858
4107 7991
4248 6826
4465 7121
4942 5620
8128 8578
350 5093
84 4335
466 5489
870 3549
1715 2704
2339 5664
2398 4581
2559 4932
3016 4987
1222 2173
1151 2756
3568 9555
4162 8449
5249 8386
5495 9676
1541 6974
3043 7008
771 9792
4439 6124
4727 6860
9007 9236
26 6954
42 6426
42 7450
400 6580
1615 5877
2146 5858
36 3872
171 2713
3374 9238
3419 9705
4991 7621
4814 9846
6905 8267
3956 5072
2642 9458
3782 6782
8248 9484
8999 9757
1221 4224
2734 3223
81 7412
1224 5757
3043 4962
145 1204
354 3043
3368 9757
5266 7347
5686 9487
5709 8952
6459 8202
7272 7901
3818 6235
1715 9874
2642 9459
4628 6961
7355 9354
2828 3130
2556 4426
436 7570
515 5955
2908 4074
3020 3450
34 2340
4913 9237
5443 7171
7169 7493
662 8880
1224 7294
3233 6821
3724 5818
4819 5235
2556 9546
3123 8979
4511 6567
9542 9728
9847 9935
1381 3042
1652 3795
800 7207
834 6661
3016 4479
237 602
529 2870
548 2339
2772 9843
3240 9375
4967 8160
5884 8267
264 8767
2340 6179
2987 8604
3044 7523
5238 5329
5240 5327
9595 9676
206 4218
499 4437
1924 4548
66 3334
1054 1322
509 2379
3348 9780
3434 9182
5093 8547
5272 7856
5344 7272
2105 6415
2948 5572
4702 6378
4991 7113
8160 9064
8604 8620
73 4864
2587 3374
2731 3230
2146 5863
3398 4099
539 3374
6358 9843
517 8516
2682 6863
3867 6190
3740 7341
3798 7283
662 3764
722 5240
1569 2857
509 6477
2102 4884
2339 5671
2724 3750
3391 4107
21 821
85 3829
1080 2834
4991 7627
5028 9126
5731 6887
6641 9049
7171 7495
1679 7355
3792 5242
1843 9751
2339 9255
4252 6830
4768 6826
4958 6124
7894 9844
1696 2731
2826 5185
1020 2895
4819 8824
6586 7057
7642 8561
800 7723
2108 6415
3002 6033
3020 8063
3792 7291
8291 8424
206 4222
1008 3932
1600 2828
268 7744
1376 6124
57 1299
6341 8839
1792 7244
81 9979
2556 7504
3240 6308
1427 9657
2344 9252
3961 8147
1387 3042
2116 2313
2957 3008
1221 6792
1715 6298
2713 4788
2737 4252
352 1005
3228 9393
6076 7057
5696 9485
511 9550
2556 6993
1524 9049
2111 9486
3043 8554
4915 5658
5717 5880
6918 9799
55 5911
145 5309
850 4092
3615 9007
5229 7393
6033 7613
517 9033
1980 7570
3043 9067
3486 7088
8037 9705
168 7847
2059 4932
200 1671
67 2828
3434 9701
3971 9676
4171 8452
4991 8144
5958 6665
5329 9342
6580 8091
7429 8778
509 9042
3043 7020
1409 9678
8128 9615
9485 9794
206 4226
2642 5374
170 3750
7053 8131
1936 8128
9376 9392
683 3750
2083 3374
2091 4902
1008 1889
3142 9483
3582 9555
3867 8758
4497 8128
6592 8081
7841 7856
2798 5731
3012 7053
3399 6666
4736 5329
2731 7846
3242 7847
4251 7350
4252 6325
4702 6387
7996 9237
566 3868
55 7963
2870 4124
70 268
650 1224
4257 9393
5185 7441
5457 7169
6782 7380
5249 9937
6341 9357
57 8473
2116 7950
4033 6033
4194 4336
5002 6088
6026 6088
1087 4884
2025 3434
1618 6401
3050 4969
3712 3795
592 771
3900 9751
6784 7891
7171 9040
206 9861
1654 8413
3214 6341
3723 5320
3931 6136
4195 4336
7983 9252
8119 8604
8473 8762
9022 9237
145 4803
558 4902
1896 6124
725 1151
237 3687
3524 9104
3872 9268
4991 8149
5955 7185
6698 6954
685 7847
4991 5077
4120 7484
6915 9809
8496 9252
512 4437
611 5874
2340 4657
3398 3599
662 1215
175 3750
3748 9393
4261 9392
5955 7186
4915 9762
4942 9735
7856 8357
769 8276
943 9126
3553 5492
1987 9618
2119 9486
3016 7565
5550 6567
745 5229
1101 3337
1756 2682
2125 3337
593 7429
800 6198
901 7121
3048 3438
3771 4251
3956 4066
144 1734
580 2834
5187 8979
5395 8259
5955 7187
6033 7109
6423 8767
3044 6514
3320 8798
8263 9487
135 5840
2146 4341
21 322
511 1368
662 2241
1249 1654
6826 7853
1715 7844
2894 6665
4171 5900
4579 5492
2642 8453
3751 7856
5329 6278
5483 6124
8110 8617
8196 9555
9049 9214
1224 3216
2150 5874
550 2354
1151 2777
1409 1495
4902 9266
5607 9073
466 8582
1009 8551
2503 7057
3799 5249
4171 4365
2371 9237
4991 6617
7272 9456
7988 9252
769 3672
2081 4408
3251 3750
3261 4252
3337 3664
4115 9542
4336 9321
4366 8267
6666 6991
6834 7847
769 9304
1416 7121
3528 7057
3867 8254
4044 7053
4902 6707
5599 6010
7803 8926
8830 9435
9486 9803
834 3608
1046 4932
75 6415
1625 6401
1671 5843
2908 5118
3240 3250
3919 4107
109 237
470 1924
4932 8726
5546 7088
4942 9740
5915 8767
6461 9757
6782 9436
290 8248
509 8541
800 9274
2450 6088
3524 5526
4808 5266
968 9618
1541 9557
1763 9847
3465 7121
3863 8259
4437 6149
5781 6341
765 4702
1109 3334
1160 3795
2556 2911
858 7169
1541 5462
237 2158
789 1606
2855 9780
5245 8926
5969 8202
970 9105
2597 5942
2957 6606
3811 5240
4884 6727
5162 6961
5237 6886
5999 6124
8267 8464
8364 8879
1322 3634
834 7194
2536 5492
73 3347
209 3723
3530 9618
5237 8423
6699 6961
6666 8530
6961 9259
84 8968
1349 9751
4932 7192
7429 9815
9387 9393
771 4698
1253 5240
3016 3477
426 1459
1009 1388
5612 9073
7268 8953
206 8847
1306 8259
2340 6713
3723 4818
4336 6253
4702 6399
5460 6665
8271 9486
8518 9751
8561 9196
1222 3224
2402 2556
1766 5240
466 1932
3961 8677
5946 9252
6223 9487
7931 8291
81 8973
329 9237
3549 6529
2908 6658
3236 5818
1351 9751
3966 8160
4915 5675
1397 3050
2870 3113
1133 5874
1616 6415
3357 4162
3050 9589
6473 7702
6580 8107
7297 8926
7673 8550
284 8259
1715 7852
2908 5635
3792 5263
4839 5240
1151 9952
2744 7847
3157 7434
4444 7171
5955 6172
523 4437
1220 3740
2103 2857
2731 3253
84 6924
893 3043
4336 8816
5572 7068
7245 8979
342 8202
975 8081
1151 9953
2828 7764
3016 8088
3233 8895
4776 7352
1641 3320
1649 4336
2139 3334
1005 7028
2643 3854
2819 4702
153 1224
850 1039
192 3233
3404 9237
3821 9844
179 9390
662 7883
965 8604
3296 5249
4251 5318
4372 5709
3157 7436
4991 5602
5587 6542
5874 6255
8264 8473
9392 9905
850 5136
2604 2870
268 6742
3398 3612
798 2116
1221 2205
4162 8992
4902 8252
5229 7925
6580 7598
4902 9788
5711 8979
6401 9313
1151 7907
1790 7268
3398 5660
1771 9847
1977 8617
2713 8905
2978 8128
3291 7303
5608 6010
55 5932
113 5874
115 4336
1738 2713
1224 6811
5965 7702
4915 9776
6782 8421
6860 8855
1008 8051
1118 7429
3549 6534
2643 5904
1541 9566
3082 9049
4540 6567
5237 6894
5240 5355
5790 6341
895 5093
403 7121
2556 4456
156 1224
397 983
3718 8926
4251 9417
5977 8203
6936 7244
5249 9443
7673 8555
850 9234
1276 7272
2729 7355
3398 6686
4336 5748
4593 5491
2708 8912
3987 7121
8527 9237
488 5501
1715 3762
2957 4568
4564 9105
5874 8307
6331 6826
5185 9508
301 8248
3050 5499
3856 5717
8830 9447
8853 8912
1098 3868
2369 2597
2907 4107
231 1151
248 1646
374 1008
6088 8094
6755 6915
5363 9843
1005 7545
3042 5508
2037 8561
2184 8926
4284 6826
4741 6881
6961 9781
8344 9422
8529 9237
21 4434
25 4942
426 4541
1955 3524
81 6422
3524 4003
3616 3911
33 3398
771 1636
3454 9705
184 8879
426 9149
3398 5665
1718 9393
2828 7771
4669 6954
7355 9388
7491 9252
8343 8912
9105 9174
234 6782
1020 5484
2146 5894
57 3375
1362 7702
3423 6665
3747 6341
4581 5507
2519 8081
3240 7872
5569 6567
718 4251
771 4710
1541 4452
358 7171
1474 6567
2116 5413
3044 3461
4188 9485
5212 9485
5724 9485
6665 9568
7053 8156
7088 8121
517 9060
1151 8938
4271 5818
3367 7746
3956 7157
8272 8473
28 4942
2857 3137
361 7169
2431 4075
1020 1902
1088 1322
2803 9847
3044 9606
4402 8248
5249 7913
6997 9237
186 9392
310 9780
662 7892
1221 9893
4961 6665
5329 6809
87 4884
155 5840
384 4075
1232 4251
986 7057
1521 6010
1671 4836
3043 4488
98 3337
4795 9392
7465 7746
7521 8202
7856 8379
2311 7268
3738 5329
3795 5784
3956 5623
3048 8579
3961 8178
40 4932
2642 4890
42 834
2734 9918
4431 9757
5083 8081
5709 6943
6124 6528
6505 7171
5874 8826
5955 9257
7268 8456
3043 6025
3240 5316
3496 5572
3792 5788
2349 8767
2444 8160
3016 9124
5492 5624
7283 9977
8879 9405
24 4437
912 3549
1740 3233
1826 4171
2857 3140
992 2957
2908 9745
6705 7484
7088 7101
1128 7429
1924 7145
2340 7241
2524 7057
1646 9471
4277 7352
5475 6666
8248 9525
8494 8767
2146 3852
1092 6954
2860 4162
415 1487
83 3867
401 3549
1307 2643
6881 7309
5879 9847
6454 8248
662 8920
2116 9002
3867 8275
3949 7169
4371 6235
4482 6124
7169 9581
1262 5249
1930 4581
144 735
179 188
700 1715
3233 9934
3263 9392
6415 7264
6448 8767
7283 8444
7283 8956
84 8475
1719 7352
2504 6567
2530 7053
3044 7051
4915 5180
4441 7702
9050 9237
850 3614
1668 3820
488 6536
1009 7039
2644 3868
2734 5314
3164 4884
3291 3733
511 1393
1221 1707
1355 2597
4162 9006
4535 9657
4702 8466
4991 8689
5008 8160
5237 7419
6235 6933
7056 8160
7261 8979
3434 5126
834 9774
2354 8766
3911 7209
5492 6652
5717 6427
9181 9619
509 7540
509 6004
364 1541
769 2160
5120 8561
2828 7269
3723 5862
8192 8561
268 5734
1224 4266
1487 2979
2081 2385
1005 6021
2146 4368
3233 3281
164 206
5220 7438
5704 6954
21 9565
2116 7982
2438 6124
2731 6343
2343 8267
2731 8903
3723 7911
42 5961
1008 4995
2448 3043
187 7352
206 6309
482 7057
517 7534
1151 5364
3122 4417
3320 4731
21 3934
273 2146
3868 8791
4075 8584
4162 9009
1914 7673
3864 6235
4259 5840
2197 8926
7088 9667
8248 9531
8473 9818
9007 9284
1322 3658
1423 4581
623 7429
3337 4203
397 999
800 1108
487 2957
407 3549
3020 9640
5185 8499
5211 8473
5709 7463
268 9832
1603 6961
2734 7366
3157 5919
3240 5324
3524 8112
6918 9838
8087 9181
8587 9705
8899 9393
128 5877
237 5256
2213 3792
282 6235
370 7171
770 7283
2212 5329
2436 4593
2442 4075
2713 4828
368 1541
687 1222
4336 8837
5828 9393
5955 8754
6954 9291
7169 8564
298 8267
822 8767
2662 6415
3972 4593
2597 8016
2663 9486
4525 6088
5296 6341
7272 9997
51 5955
2279 3727
373 7169
106 268
466 2980
6321 6341
5874 9348
7171 9075
2279 6799
616 9486
1706 6860
2340 6226
2709 6881
3381 5185
3434 6668
3867 6747
7007 9751
8808 9486
81 5414
84 7459
3723 9964
3868 9819
4819 9380
5429 7746
5572 7091
49 9542
94 8473
3492 5587
2340 6227
4088 4991
4593 4998
1572 9555
2970 9181
3334 7281
3931 7708
3958 7169
4107 7532
4171 7468
4883 7268
789 3683
1846 4162
1655 6401
1818 4702
2279 5265
2643 4901
2870 5186
903 1009
769 2167
850 2086
1224 1712
4817 7847
5746 6918
7171 9077
1924 7156
2828 6252
1020 8060
952 8128
3076 5492
3961 4607
1995 8109
4094 6010
3044 7060
4263 5329
2468 9684
2834 8294
7655 9105
8964 9844
1322 3151
206 7851
3243 4814
397 1004
103 2834
807 2642
5987 7702
6401 6776
6251 9486
6500 9237
7272 8465
511 8570
464 8617
1005 8588
1334 8259
1715 6854
3961 6144
4139 4942
1380 9237
2515 9126
8243 9542
8259 8502
9564 9757
1935 4075
2713 4833
3311 3723
101 789
3337 9329
3723 9455
3820 8846
5530 8160
5874 8328
5988 7702
6918 7796
723 7847
850 8744
3526 6580
3740 5342
2834 9320
3044 8598
3049 8081
3750 6868
206 5293
1392 4107
2007 2468
2828 3183
42 7505
3680 3867
42 337
73 2354
793 2146
834 1593
6347 7856
6918 7285
469 9126
10 8561
1322 8785
1541 7030
2339 6232
2870 7237
2936 7171
1224 9395
3291 7840
3320 7811
5400 5731
56 4932
174 4814
769 3707
1487 2989
633 6915
1151 6397
3044 3992
92 800
410 3042
4991 9213
6263 7429
6341 7351
6826 7890
7121 9131
956 8128
1224 7860
2642 8490
2669 9487
4587 7057
145 4844
226 4251
1842 4171
211 6826
2828 5233
3291 3746
21 3944
213 3240
5524 9705
7057 8684
1654 6919
3757 5840
3961 5124
4884 5225
2908 8225
5229 6416
6010 6147
2643 3371
206 6320
974 7088
377 517
552 2390
3663 9007
3792 8878
4581 9113
4336 4750
1941 9705
1953 9181
3534 7088
1252 4251
397 6642
1671 6392
3050 5013
3320 4743
152 2279
244 3723
6130 7053
6270 6401
6401 7806
6504 9751
8053 8202
73 9014
3329 6782
2133 6954
2421 8202
2713 8934
3872 6751
4942 5681
179 4813
2148 3868
2190 5874
3248 3792
397 2035
599 2857
1222 1722
850 8238
1009 7567
3233 5343
4336 5264
1139 9485
3020 8116
3911 8249
4075 7061
5249 5375
8128 9664
1221 3260
1715 3790
1836 3157
309 7244
1224 5817
3181 4884
3961 4104
63 834
23 3434
81 3888
1151 1282
1487 1970
2968 9705
5709 7476
6258 6415
5996 9237
6918 9339
7486 8259
7664 8081
118 9483
552 9049
3549 6564
4295 5818
4416 5185
4717 4884
1386 9751
1744 9393
1956 9181
2556 8581
3048 7577
3549 7076
3820 7829
5587 6062
8830 9987
466 4016
2166 2828
2263 2731
1008 6546
1665 6401
3193 3337
103 3867
4137 9049
4827 7847
7153 9105
933 9181
1807 7283
1911 8203
3646 4932
4158 4932
3524 8126
5220 6942
5840 6322
2439 2556
261 6782
789 5742
1283 6784
2128 4915
2354 4177
728 2731
1487 1972
1715 2256
3645 9542
4959 9252
6088 9147
84 8495
888 8203
2857 5722
1400 8203
1808 7283
3020 6071
3382 5709
2354 7249
1222 9917
4985 6666
5498 6665
5840 6323
8604 8679
8614 9181
8822 9485
1151 3333
815 5717
392 1020
4932 8768
5329 8371
4991 9733
6010 8714
6417 9843
6877 7847
7272 7964
7352 8396
2232 6860
4112 5492
4162 4418
1221 9407
3795 7345
4734 6918
8723 9073
9007 9813
11 6010
57 5964
179 4306
891 2058
1009 2452
6033 8180
5093 9632
2428 6665
3911 5182
2823 8830
4381 7272
7570 9715
1525 6033
2643 3891
1151 1799
5763 6915
5955 6723
834 8260
1850 7244
2006 7088
3602 5492
2857 8285
3872 7270
4739 6915
7429 9345
930 5093
2146 3877
2667 3868
2834 3701
100 2339
144 2807
1541 1922
6302 7401
6401 8326
6895 8344
7158 9105
7537 7702
455 8128
804 8291
2081 7014
2242 6341
3206 6401
1467 9676
2941 8202
4262 6881
5188 5955
5752 6415
8257 9542
68 4932
769 5255
1409 3591
1754 2734
73 7487
81 6967
383 6665
397 6139
1487 5049
3337 4735
3731 3829
3524 9668
5111 8081
5709 8507
5709 7483
5909 7283
5243 9485
7121 7607
3063 6033
4915 5205
1224 9408
2137 9007
1145 9487
2146 9510
2279 9889
3048 8608
3434 7710
3547 8109
6784 9992
7290 9486
8879 8921
8879 9945
52 4437
2115 3398
1635 4902
3138 3911
388 517
325 2116
6508 9757
42 9055
55 9554
834 7751
3795 4790
2597 8036
3575 7570
4897 7272
7053 9724
8160 9129
1958 3044
2296 5266
2713 4337
2834 3704
3157 4405
3291 4783
73 1345
788 1654
1221 2245
1924 2054
4075 8607
5066 8128
5240 7442
6302 7916
7352 8402
1715 7383
2649 6961
4856 5266
3121 9049
6046 6124
8467 9847
2195 3320
219 7856
442 7121
749 6302
1009 6042
1814 5237
834 2633
3538 9657
3943 9252
4884 9335
6435 7272
6961 7770
7484 7759
662 8949
2279 7332
3792 5819
2597 9062
2857 8290
2957 7678
7634 9657
8081 9210
771 4745
789 5239
834 4682
1224 4292
1786 5266
42 1378
237 2719
1222 2246
4171 9025
5480 9252
7139 8617
7355 7377
1151 7949
2642 7482
2699 6401
3337 6275
3524 6600
3995 4593
1409 4108
2408 2597
73 6980
206 7359
329 2116
387 2058
457 3524
4636 8561
2058 7555
4428 5185
1244 9393
2834 8315
2857 8292
3233 7404
4323 6826
5308 5329
7352 9941
511 3983
850 3644
1138 3868
2116 3914
268 6274
2883 4171
2839 9847
2935 9751
3044 9642
5517 7169
6978 7244
5341 9393
7499 8259
3020 5570
3688 4902
2597 8041
3720 6918
7053 9729
8979 9851
1715 4316
1322 6245
1324 5731
1654 1817
4581 8106
488 9639
1869 7746
2597 6506
3042 6573
3524 5067
2046 9105
4162 6989
4916 6235
5361 6302
7776 9007
81 4415
789 5755
2556 5012
3744 4336
3868 4212
488 2984
3717 9483
4882 8830
7651 8109
1870 7746
2223 6881
4251 4853
4254 5874
2908 8756
4838 6826
7004 9780
80 4417
1610 3911
1967 3042
1643 4902
1646 5923
2597 4460
2731 3814
929 1008
73 3400
227 2734
245 3740
1020 1429
645 2828
6284 7429
6478 8259
3398 6219
3792 5313
2643 8510
2939 7702
3537 8128
4686 5955
4819 5822
5054 5587
5276 5877
5791 5874
1591 3931
2485 3549
2279 4267
144 1794
5587 8639
6665 7049
7088 9186
3956 4638
2643 9535
3171 9007
4751 6915
8473 9337
2486 3549
1327 5220
2058 5513
2175 4884
3452 9751
4835 9392
4942 8773
6918 7821
7053 7686
8081 8194
2665 6954
2870 5725
3233 5362
4014 5093
4414 5717
4581 5038
1156 9487
2474 9705
5185 5970
5220 5423
5587 6080
8081 9218
1599 4437
2834 3202
2957 3079
691 6881
3043 4017
3740 3832
3795 4289
81 1859
1040 1924
3499 9705
4336 8356
6945 7283
6000 9252
6691 8561
7244 9032
3048 7084
4296 6860
4787 6881
4902 6766
7965 9847
662 4351
771 3730
908 6665
2001 5572
511 2454
1009 1444
1155 2834
3829 9888
3868 9849
6148 7057
6860 7369
6088 9165
6780 8473
2021 7088
2052 8081
2556 7065
3795 4802
2540 8617
4343 6302
4612 7057
5659 6010
8203 8586
9598 9751
2872 4702
835 2643
3715 8979
5982 8248
4932 9810
6431 9847
6539 8203
6665 9613
6860 8394
6954 8300
662 8448
1255 8879
1637 6961
2963 7171
4251 5883
3674 7484
3923 8259
4437 7233
4991 6167
5093 5553
5767 6415
5796 5874
397 4106
679 4336
1225 4814
21 7042
466 6597
1834 5229
2003 5572
2279 5808
3740 3835
3044 3507
3153 3398
426 3565
801 1654
1008 2471
1421 2058
6235 6972
6631 7088
5240 9503
6282 9485
6793 9486
7639 8128
144 8967
199 8912
820 8291
1020 7579
4047 6088
4804 4819
3792 7879
4107 8076
5399 6784
2116 4436
2812 4252
73 1871
179 1765
1350 2642
614 2354
3549 9659
4437 9795
5352 7856
5638 7570
6604 9676
7301 8979
8120 8160
138 9486
2269 7355
2857 7279
2870 6754
2400 8248
3549 8635
3750 7410
4437 7747
7283 9509
7847 8945
8267 9037
8743 9073
1462 3043
1487 4554
1880 5185
3109 3956
201 3792
3750 8947
4746 9487
4891 8830
5955 9302
426 9711
2761 5840
3337 5776
3669 4932
4532 5093
2112 9049
3434 8751
4336 6313
4719 6954
5093 6068
5520 6665
237 4781
2462 2556
2696 2834
662 6916
714 5840
1151 5403
55 1891
397 525
552 2418
751 2731
4577 9657
6533 9237
3740 4862
3874 5240
2682 9504
3240 8434
3991 7171
7268 9526
8998 9844
225 5818
602 4417
2713 2818
1289 5266
2146 4921
509 1950
4997 7702
5709 7502
5583 9676
6302 9981
6954 8817
1259 7856
1268 7847
3473 6666
4422 5717
2018 9657
2058 9617
2116 8535
2908 9279
4107 8080
5240 6947
8344 8451
9000 9843
84 5448
834 4186
789 6791
2638 4942
1222 5334
693 2279
1051 1409
4814 8398
5055 9181
5717 8007
5731 9529
6893 8879
7005 8767
2024 6580
2674 6954
3872 6268
2339 8313
2951 9237
4380 6784
4816 6860
5955 6233
8427 9393
106 4915
2135 3398
142 6415
517 6040
1311 6782
3048 4021
3220 3337
3334 3735
4752 9485
5874 6827
6826 7411
5249 9500
6784 9501
2279 6838
3524 7641
3829 7848
832 4702
1541 4505
1541 2969
1714 3820
1884 4162
1741 5329
1764 5818
433 1005
658 2828
6235 6979
3829 9385
4411 8291
5086 8128
5229 7473
5467 8259
6235 8003
6881 7357
6333 6881
6605 7121
6235 9539
1222 8408
1008 9134
1135 9007
1151 7967
3829 5801
4127 4991
4234 4884
4819 5323
1020 9634
1927 9751
5240 6438
7819 8979
1663 3872
1812 3723
2997 3050
144 7439
397 7698
2964 4107
2834 9869
5166 8561
5240 7975
6455 7272
5229 9522
5240 9511
652 8979
1136 9007
3829 4778
3879 5240
1646 9521
1715 9452
2534 9657
2556 9123
4761 6918
5956 6235
955 5093
1626 3398
2468 3068
517 7067
1322 6262
445 3043
6303 6401
5955 9309
73 9047
527 9105
3693 4915
4730 4902
1682 9486
2181 3868
672 6401
825 7272
2908 4677
1173 2828
2870 9835
3460 9757
3931 8774
4305 8912
5240 9001
5768 8473
6129 7088
6384 9393
6525 9252
504 8617
1151 7970
1222 8411
2033 7088
2857 6264
3361 6784
4075 6070
4197 7484
4569 6088
5016 6665
5101 6580
5214 5955
9656 9705
1070 3956
2470 2556
57 2409
568 3434
4614 8604
4814 8404
4900 8830
5709 7509
6881 7361
55 9579
501 8109
3777 6881
9483 9879
144 6419
509 6566
2908 3655
55 2412
71 2908
1269 2734
5424 9843
5574 9181
6598 9181
7000 8267
7674 8617
3266 6881
2490 9705
3490 7169
3872 7299
8078 9237
8492 9847
42 4474
1082 3434
1919 2597
195 6881
671 7429
1187 6401
1770 5818
2457 4107
3284 3792
3374 4726
81 1875
4757 9487
5329 8915
6195 9073
6881 7875
850 9298
2828 6296
3911 5213
4581 5567
4963 5185
4991 5157
3337 8859
5237 5935
5955 6241
8071 9757
824 5229
1222 4319
1505 3524
397 7704
789 6800
2394 4171
221 1224
536 2957
1322 1659
3044 9665
2279 7870
4581 5568
2914 8259
2925 8248
4902 5759
511 5543
840 4702
1049 7053
747 7355
1624 4942
2340 4738
2731 4859
2862 5240
3050 5052
466 1492
4942 8792
5622 7088
6033 8213
7057 7701
1222 8928
1654 7472
3514 6124
4401 5237
2541 9657
2637 9049
4942 6744
7702 9616
2908 3147
1009 5558
1222 5345
3484 4107
2870 9841
5654 8081
6302 7945
8004 8291
2560 6567
2857 5758
3157 6482
2523 9676
3328 7847
1009 4023
1646 5434
3042 4038
1222 1762
3036 9676
3050 9662
3872 9864
4581 9155
4663 8561
5874 8374
6341 8931
7144 8128
237 9403
2834 6806
4162 5478
884 9780
3956 7732
4631 7057
8075 9757
1008 3513
1151 3882
809 6784
3157 3412
3320 3761
678 771
206 2267
340 3157
392 2081
640 2857
4702 9547
6010 9263
552 9089
785 8344
944 7673
2584 7057
1898 8767
2198 8979
2659 9542
2714 9487
7323 9486
7352 9969
9105 9752
240 5818
1506 6088
3867 4239
42 1408
215 3795
4345 9393
5041 7673
6235 7503
5369 9393
6244 9542
6495 8267
1151 9003
1224 8930
1383 8259
2304 6826
2481 7673
3043 6087
4121 6033
4162 8040
4318 6860
4529 7673
4578 6088
8561 8761
323 7272
1224 6883
3334 3749
208 3291
466 2009
902 2597
3291 9424
3374 9853
4546 9705
5471 7244
6010 7217
57 9586
466 9177
1715 8440
2058 7073
3233 8970
4877 6302
8926 9421
1638 3398
2734 2814
855 5717
2058 4514
1151 1325
1224 2276
3337 9379
5473 8267
5717 7511
6881 7371
5785 8979
5934 8830
27 9105
571 8561
1788 7856
2672 7484
2731 7937
3787 6881
4009 7171
8349 9487
8806 9542
9073 9275
769 4780
2057 2468
2834 3227
42 6531
428 7169
1009 5564
2081 5516
2753 3820
2857 3716
397 1568
662 1303
137 2340
6093 8160
6032 9757
6537 9252
6660 8617
8034 8267
60 8561
2553 6580
3740 5393
4283 5874
2556 8113
2718 9487
850 4700
2152 3398
2354 3196
450 6124
717 6881
2642 4956
120 2870
636 2354
1301 2713
3061 9657
7053 9249
7535 8767
8109 8193
3016 6118
3772 5874
3956 8250
4356 6826
6082 6124
8693 9657
144 5407
2081 3470
844 5731
1224 6375
3042 4557
84 1883
509 2994
5717 8538
5731 7500
6881 7374
6306 9485
509 8114
1487 8672
1646 6977
2857 6790
3157 6490
3820 5315
4030 4593
1700 9483
3337 8358
3524 8171
5115 6580
9378 9485
3197 4915
679 3337
4320 8912
6302 6418
6401 7855
4902 9866
5282 9486
5709 9571
789 7835
2340 6796
2642 6494
771 9901
3812 6860
7773 9555
1009 4544
748 6341
1409 6704
1654 5435
2340 5261
3240 4361
3349 3740
800 1169
1159 1322
3956 9277
5329 8416
5633 7088
3321 7352
3502 7171
8506 9847
189 5877
1081 3961
2081 2961
2538 3016
2556 4534
179 7423
3042 3536
834 7280
3351 4251
1879 6235
4039 4075
21 3485
2731 9991
3899 9847
4814 7908
4902 8844
6341 7917
6557 9237
6923 7847
268 9382
1948 7702
2295 7355
4575 5587
1342 9844
1703 9483
2828 8870
3524 7150
3750 7948
4162 8048
7355 9463
8323 9007
8961 9393
2121 3434
2730 3337
206 2277
771 2736
1646 1861
5952 7283
6124 6599
6124 8647
6614 9181
132 9007
1867 7272
2837 6302
3695 4932
3792 6371
1222 9965
2626 9073
4026 7673
4814 5861
8186 9657
84 5984
552 3980
1198 3334
1654 3902
2508 3048
687 7429
1151 5941
2329 4251
2957 5159
110 3398
73 3947
89 3931
769 2739
3320 9404
6690 7570
1715 6913
5547 6665
7428 9392
9119 9237
1154 4915
1322 4747
1541 4528
2188 2857
626 5955
3175 4942
3776 3829
552 3469
1222 1263
5637 7088
397 9256
850 7779
3337 6316
3892 5249
4417 4724
2976 9237
5234 5955
8259 9074
8912 9445
57 4477
1221 3825
2750 3320
213 6881
2354 5252
2651 3931
84 354
146 2340
4605 9657
5492 9282
7856 8454
1221 8433
1973 7169
4252 5914
2219 9483
3249 7429
3961 8253
466 5605
486 7121
426 6669
438 7169
689 6918
1157 2354
5556 7171
6302 6937
800 7831
834 8821
1041 9126
2556 6075
3365 5266
3906 5237
4241 4902
2354 9349
2870 8321
4251 7452
5579 6124
117 5955
144 4904
1646 3402
84 7012
57 6527
1347 5237
2789 3795
2900 5220
3334 4274
466 1510
1044 2468
1715 2309
4095 9657
6996 7268
5840 9960
6826 8462
1151 8505
1575 7057
2734 6410
2743 6401
3795 5349
4437 5219
5075 5093
1008 9672
8362 9486
1517 3020
2790 3795
3291 3294
2846 4251
3870 4251
4046 4075
397 3116
771 3254
843 1646
4932 9845
5538 9751
6549 9252
6675 9126
0 9657
237 9420
541 8604
771 7862
1036 8109
4884 5285
4915 5254
8879 9482
432 6666
784 6826
2713 5409
2766 3820
54 1924
73 2929
268 3758
850 1640
3740 8990
5220 8022
5458 7272
6580 8198
466 8680
1290 7856
2642 5992
2713 5921
3043 5591
3291 5855
2657 9049
2957 9261
3157 9061
3931 8287
9007 9355
1409 3642
1496 3043
2058 2993
2330 3233
532 6567
864 6235
21 3494
511 3004
3819 8912
5840 9451
7600 8203
3016 6643
3750 6421
3867 5792
2602 9105
2682 8513
3598 8109
4018 6665
5731 5976
1085 4991
1203 3337
2865 3723
2957 4143
3524 3576
509 959
97 3931
305 3723
3247 9485
4991 7741
6307 8473
1221 7927
1009 9675
1409 9787
1951 9757
2468 9240
3043 8153
4251 7457
1684 2857
1541 6584
2427 4162
186 771
3829 9928
4107 9650
5555 8202
397 8240
1221 9464
1224 9461
1866 9843
2340 9369
2713 7972
5093 7128
5229 5456
1827 4251
437 6665
662 7464
1865 5237
158 800
4467 8267
6056 7702
6329 7429
6287 9007
397 8753
1989 7673
2354 7308
3233 5405
3714 7484
4812 5874
8103 9751
769 4286
1646 2897
46 8081
45 9618
177 9486
966 7673
1702 8473
3420 5731
2940 8259
8882 9485
9222 9657
2642 2926
511 6593
951 6665
2597 5019
3740 4388
760 1224
380 2116
426 2070
1224 1784
3820 9428
535 8617
1103 8561
1800 7352
2191 6961
2643 6509
4161 4991
4252 5412
3956 8268
4107 7093
4655 7057
1211 3334
1233 4336
1646 2899
719 5874
2403 4702
800 1697
1020 1477
1224 2297
5237 8524
5470 8291
5506 8767
6113 8160
5392 9393
5905 9392
6567 9242
6928 9393
8062 8259
552 8089
800 8865
850 8303
2682 6983
3020 6645
3456 5185
1583 9618
2216 8473
5185 6016
5191 6010
7082 9751
7594 9751
1789 6341
3792 8946
5731 8031
5110 9676
5812 9486
7171 8127
147 9007
440 8202
2407 6235
2322 9392
3795 7919
3829 6861
7283 9551
7955 8879
8561 9297
8830 9028
9039 9843
265 5818
797 3750
2468 3103
268 6839
3694 4437
84 2415
179 2320
993 3042
3766 9485
4647 8604
4819 7920
4837 8926
5237 9038
84 9583
1050 8617
3931 4712
2130 8561
2870 8845
3320 8395
3795 7408
3868 7335
5249 5954
6881 9954
