53
0 0
1 1
2 2
3 3
4 4
5 5
6 6
7 7
8 8
9 9
10 10
11 11
12 12
13 13
14 14
15 15
16 16
17 17
18 18
19 19
20 20
21 21
22 22
23 23
24 24
25 25
26 26
27 27
28 28
29 29
30 30
31 31
32 32
33 33
34 34
35 35
36 36
37 37
38 38
39 39
40 40
41 41
42 42
43 43
44 44
45 45
46 46
47 47
48 48
49 49
50 50
51 51
52 52
221
0 42 20
1 42 14
2 42 17
3 42 7
4 42 1
5 48 23
6 48 29
7 48 5
8 48 40
9 43 52
10 43 41
11 43 32
12 49 0
13 49 16
14 52 35
15 52 32
16 24 31
17 24 35
18 24 34
19 24 28
20 25 43
21 25 52
22 26 45
23 27 23
24 27 48
25 27 40
26 20 4
27 20 22
28 20 11
29 20 9
30 20 17
31 20 10
32 20 40
33 20 1
34 21 20
35 21 0
36 21 22
37 21 6
38 21 14
39 21 2
40 21 18
41 21 17
42 21 7
43 22 23
44 22 4
45 22 3
46 22 14
47 22 18
48 22 17
49 23 20
50 23 0
51 23 30
52 23 18
53 23 11
54 23 5
55 23 17
56 23 15
57 23 8
58 23 21
59 23 10
60 23 50
61 23 16
62 47 36
63 47 45
64 45 36
65 45 33
66 28 34
67 29 23
68 29 27
69 29 5
70 29 46
71 29 40
72 40 23
73 40 46
74 41 35
75 41 51
76 41 32
77 1 23
78 1 4
79 1 18
80 0 20
81 0 4
82 0 3
83 0 22
84 0 2
85 0 9
86 0 7
87 3 20
88 3 4
89 3 6
90 3 14
91 3 2
92 3 13
93 3 21
94 3 7
95 3 10
96 2 20
97 2 23
98 2 22
99 2 11
100 2 17
101 2 49
102 2 8
103 2 16
104 5 27
105 5 8
106 5 46
107 5 40
108 4 2
109 4 18
110 4 13
111 4 17
112 4 21
113 4 7
114 7 20
115 7 23
116 7 22
117 7 6
118 7 2
119 7 13
120 7 15
121 7 8
122 7 1
123 6 20
124 6 0
125 6 4
126 6 11
127 9 23
128 9 2
129 9 11
130 9 49
131 9 8
132 9 7
133 8 0
134 8 27
135 8 18
136 8 17
137 8 49
138 39 45
139 39 33
140 38 36
141 38 45
142 38 47
143 38 12
144 38 33
145 11 4
146 11 3
147 11 22
148 11 13
149 11 17
150 11 21
151 11 7
152 10 0
153 10 4
154 13 20
155 13 0
156 13 23
157 13 6
158 13 14
159 13 2
160 13 9
161 13 21
162 13 10
163 13 16
164 12 36
165 12 37
166 12 45
167 12 47
168 12 33
169 12 39
170 15 20
171 15 4
172 15 3
173 15 6
174 15 14
175 15 18
176 15 11
177 15 13
178 14 20
179 14 0
180 14 4
181 14 6
182 14 18
183 14 11
184 14 17
185 14 7
186 14 10
187 14 1
188 17 0
189 17 3
190 17 7
191 17 1
192 16 11
193 16 9
194 19 44
195 19 30
196 19 23
197 18 20
198 18 0
199 18 3
200 18 6
201 18 2
202 18 11
203 18 13
204 18 17
205 18 7
206 18 42
207 31 34
208 31 28
209 30 44
210 37 36
211 37 38
212 37 45
213 35 43
214 35 25
215 33 36
216 33 37
217 33 47
218 32 51
219 50 44
220 50 30
