1000
1000
149 687
27 425
203 697
359 541
379 841
506 522
522 634
410 874
656 756
841 955
298 410
122 522
203 377
157 167
40 669
22 687
257 324
27 682
27 746
203 954
534 687
616 669
669 872
814 983
841 892
629 656
281 364
94 359
186 203
361 669
72 574
251 331
72 894
251 971
367 983
632 782
687 727
669 745
410 876
281 877
359 799
215 687
407 559
381 521
410 428
48 983
57 782
203 636
76 251
140 251
203 316
324 899
490 669
281 750
522 637
62 522
141 251
27 45
205 251
33 167
126 522
27 749
427 669
575 841
299 669
167 801
281 496
5 324
59 782
320 521
398 891
620 669
154 559
72 513
111 410
398 700
398 444
63 203
167 227
35 167
448 522
167 291
251 463
51 983
429 669
380 782
522 640
251 911
324 838
179 983
493 669
557 669
559 923
641 841
764 782
559 859
603 687
241 410
144 251
178 281
27 688
113 410
28 559
281 818
398 829
604 687
669 878
687 796
410 753
317 782
61 782
398 509
398 445
369 410
302 669
220 687
67 521
3 521
3 841
252 656
27 817
398 446
324 328
72 516
8 324
101 167
37 359
167 229
324 904
373 983
522 898
559 925
656 828
510 782
521 771
359 805
495 669
410 626
72 836
158 687
4 521
115 410
244 281
359 422
167 742
398 447
27 946
606 687
687 990
72 133
31 559
167 551
116 410
132 522
27 307
53 281
103 167
147 251
202 324
452 522
251 787
119 983
522 580
398 768
398 896
439 983
638 656
5 522
54 281
70 841
27 180
167 168
27 628
129 782
203 900
203 964
324 843
324 907
518 841
521 902
687 800
297 359
167 617
169 359
21 251
203 261
72 776
324 460
289 559
6 522
263 521
27 309
121 983
353 687
454 522
410 630
324 652
251 917
410 758
313 983
687 865
825 983
251 598
72 713
203 390
410 823
559 738
584 841
669 884
841 968
519 522
324 525
27 310
7 522
203 903
72 330
43 359
167 235
281 953
359 875
410 952
635 983
656 706
27 887
163 687
393 522
182 669
329 522
324 527
246 669
323 656
410 505
324 719
398 965
559 612
508 983
841 970
645 782
559 868
195 656
281 378
88 251
281 443
153 251
12 72
201 203
203 905
324 848
522 778
6 782
549 559
203 265
250 410
16 324
184 669
27 762
71 398
218 251
395 522
267 522
359 430
190 983
522 779
656 837
716 841
780 841
841 972
327 782
486 559
139 522
74 203
398 712
27 507
188 410
125 281
167 303
167 943
319 983
383 983
359 879
397 841
333 841
559 615
281 701
324 722
324 658
359 623
0 983
27 956
72 847
324 659
12 203
203 204
324 467
128 983
359 816
410 765
424 687
410 893
669 826
15 841
10 782
167 497
394 398
136 656
79 521
410 958
571 669
669 699
522 974
687 937
669 763
200 656
315 669
359 562
72 721
203 846
359 754
410 703
398 587
521 528
251 926
521 976
656 969
784 841
572 669
234 559
324 469
127 410
208 521
324 341
251 350
167 370
167 627
167 371
1 281
27 639
281 769
324 726
363 687
384 410
193 281
159 251
332 782
521 849
522 912
963 983
281 642
13 782
308 359
273 522
398 653
359 948
388 983
521 850
781 782
782 973
324 663
398 589
466 521
27 64
72 404
259 281
78 398
1 27
2 410
191 669
203 657
359 565
72 660
206 398
145 203
410 770
559 941
782 910
595 841
669 767
656 844
359 757
403 522
203 530
27 450
207 782
410 643
410 515
324 473
324 409
251 546
72 981
167 950
251 866
724 841
841 980
966 983
21 72
25 324
27 194
14 656
27 131
65 669
167 567
72 342
167 375
282 324
199 983
324 922
687 751
583 983
669 897
839 983
967 983
281 901
526 656
449 669
270 656
80 782
27 708
240 559
120 359
134 281
148 203
85 522
251 356
8 983
281 646
258 669
251 932
522 533
359 888
398 913
559 752
398 402
49 687
27 453
27 389
9 983
272 656
433 559
146 782
167 761
281 647
251 933
343 841
559 945
669 835
777 983
592 656
203 853
410 582
387 669
521 599
242 559
167 698
472 521
138 983
559 882
203 854
135 410
72 665
324 413
324 349
216 521
391 410
281 520
150 203
72 730
27 775
27 71
280 522
187 359
324 798
517 669
596 782
601 841
274 656
522 536
275 656
198 669
27 264
372 559
277 398
326 669
436 687
524 983
687 692
538 841
559 820
500 559
398 661
276 656
117 559
167 253
340 656
410 714
398 918
687 693
559 885
667 841
782 790
782 982
501 687
359 573
84 656
281 459
266 410
189 359
75 281
398 535
72 477
27 458
87 398
324 737
281 908
334 983
590 983
656 789
412 841
279 782
521 668
91 522
72 605
156 521
318 359
167 254
183 559
203 347
30 72
269 281
29 841
398 792
585 669
600 782
782 920
783 983
841 989
281 909
281 845
457 669
503 687
137 669
324 482
398 408
151 656
167 256
167 832
440 559
359 576
167 704
14 281
27 588
56 559
72 927
312 687
203 860
504 559
586 669
359 385
164 324
93 203
109 251
203 285
11 669
281 335
324 420
81 983
359 833
398 794
559 633
401 983
543 841
559 889
666 782
785 983
479 841
90 782
185 687
287 521
249 687
203 478
58 559
27 462
165 324
238 251
268 669
351 522
314 687
410 655
522 607
537 656
570 687
539 782
559 890
782 987
841 992
841 928
283 398
167 386
66 359
46 251
288 522
167 579
123 687
281 529
281 593
398 476
417 521
410 464
224 522
72 354
209 281
281 337
284 398
27 975
211 983
521 609
481 841
673 841
124 687
72 483
60 559
260 359
196 359
20 983
398 733
324 807
359 772
521 802
782 861
788 983
72 931
281 594
251 560
203 608
98 841
398 542
72 548
197 359
251 305
69 167
92 656
97 203
167 773
418 522
410 786
419 841
670 782
559 957
597 983
725 983
841 995
803 841
739 841
521 675
540 656
359 709
399 669
348 656
251 690
223 398
86 983
281 916
410 979
559 830
687 702
676 841
415 782
292 841
50 251
212 281
27 210
255 687
72 550
35 203
23 983
324 554
410 468
485 521
72 998
398 672
251 947
471 983
521 869
559 895
416 782
72 679
0 687
192 687
357 522
36 203
52 251
161 398
213 410
24 983
359 648
294 841
512 687
203 996
559 960
728 983
782 929
359 840
72 680
406 410
236 324
172 324
96 656
72 296
324 812
480 656
251 821
290 782
321 559
251 949
521 743
577 687
559 961
782 930
669 723
687 705
39 841
398 611
104 841
203 870
281 984
559 962
687 834
858 983
2 559
130 559
251 502
10 167
27 278
233 841
203 487
27 791
110 324
152 410
475 983
809 841
553 841
521 681
522 744
281 857
405 669
324 622
359 651
167 715
359 523
27 664
68 687
72 555
72 683
362 521
421 782
924 983
281 474
293 398
72 107
167 396
37 398
27 793
27 217
72 108
77 359
410 986
678 782
782 934
581 687
281 731
491 521
359 717
398 614
72 684
100 656
170 522
102 398
106 522
105 203
359 654
203 426
344 669
262 559
231 782
522 747
862 983
27 602
295 398
219 410
142 167
232 398
167 591
114 324
27 155
72 366
171 203
143 359
398 808
559 711
782 936
251 827
27 795
203 619
89 669
301 521
41 782
456 559
47 72
29 410
72 239
167 400
32 983
410 797
522 813
656 999
346 669
359 720
392 687
73 559
173 203
27 221
17 167
72 176
203 621
494 522
72 432
167 465
40 656
286 410
72 624
167 977
281 991
618 782
782 810
559 649
488 656
281 863
281 544
27 414
203 942
410 735
251 766
368 521
281 736
162 983
167 978
559 650
687 906
687 842
27 734
203 558
251 382
245 324
174 203
27 222
167 915
11 559
175 203
300 398
251 959
522 880
556 782
656 938
782 940
365 398
225 410
27 352
72 435
112 203
281 994
656 939
804 983
522 625
398 685
324 695
281 610
27 160
237 398
247 324
27 993
27 545
95 669
203 561
498 522
44 656
324 376
203 881
521 563
281 867
492 656
656 748
677 983
669 671
461 687
324 760
214 359
22 359
251 322
359 662
559 718
522 883
669 864
522 755
251 578
359 470
251 514
99 410
72 437
27 226
251 451
27 355
203 243
228 410
167 855
181 841
359 919
398 944
656 686
304 782
522 564
72 886
203 691
251 707
410 484
271 687
324 442
177 782
34 669
27 740
4 251
55 72
166 281
438 521
336 687
118 841
251 644
72 951
431 656
521 566
359 856
360 983
521 694
669 674
410 997
656 815
689 782
822 841
27 741
251 325
345 359
38 410
311 521
398 434
358 410
167 985
359 729
281 871
547 669
167 921
27 806
18 559
410 423
251 774
338 687
251 710
248 841
687 914
782 819
824 841
521 568
82 559
203 374
26 167
72 441
203 631
19 559
83 559
251 455
167 411
27 935
306 656
521 569
522 696
559 851
811 983
613 669
531 559
203 759
339 559
230 669
42 281
27 552
410 489
324 831
532 687
359 988
687 852
410 873
359 732
499 656
324 511
