100
250
51 23
68 10
84 26
16 87
99 74
68 13
19 1
1 48
84 35
19 3
67 51
18 36
18 37
84 39
0 92
52 16
18 48
69 3
34 65
83 82
85 22
68 39
69 9
17 87
68 46
51 62
2 47
51 67
19 36
1 83
18 69
1 88
2 67
86 25
37 9
86 27
51 89
3 42
18 90
20 33
18 96
35 84
87 8
4 22
53 39
2 91
68 93
52 80
36 65
21 19
68 98
5 4
38 6
21 22
52 85
38 13
71 21
86 73
36 89
70 59
88 16
87 48
88 17
70 64
53 81
36 98
54 53
22 24
38 40
6 11
4 74
6 15
23 2
6 18
4 85
55 43
6 33
55 50
73 6
40 6
89 25
72 47
21 94
55 75
6 60
90 18
6 64
41 3
74 4
74 5
39 68
73 38
56 63
91 2
8 19
22 98
39 84
74 24
58 15
7 62
73 67
41 36
75 9
57 58
59 6
58 43
24 74
57 75
24 77
25 49
57 87
58 57
59 28
25 63
43 18
57 96
25 65
26 39
59 40
42 56
75 57
60 11
91 74
9 57
27 11
75 61
59 46
60 15
43 32
42 65
10 35
27 20
58 85
60 31
61 0
94 1
93 35
11 18
58 98
27 39
92 74
11 27
11 33
42 99
78 9
61 26
78 12
11 43
43 75
44 47
29 1
76 80
76 84
95 11
29 10
45 26
43 89
61 43
61 45
12 30
27 79
11 66
78 39
11 70
77 74
11 77
13 15
27 97
12 52
12 53
44 86
30 10
45 58
30 12
28 78
47 2
12 67
28 83
80 7
29 55
96 29
30 28
12 76
28 93
12 78
46 48
78 82
64 6
64 9
63 41
63 42
97 12
14 27
80 30
14 31
48 1
30 49
95 82
46 68
30 54
14 39
96 57
79 73
13 74
62 91
15 13
48 16
29 96
15 25
81 30
65 15
16 1
30 80
30 81
31 51
65 25
47 72
15 42
31 60
49 15
16 17
65 34
82 19
16 19
65 36
33 6
14 86
32 45
33 14
82 34
97 81
81 68
48 71
83 13
33 30
64 95
67 2
99 34
48 82
67 7
98 74
33 44
51 3
81 97
0 50
1 21
50 43
98 92
66 63
66 64
