1000
2500
481 514
227 197
475 702
892 67
84 540
487 337
869 786
888 198
889 168
618 378
611 598
221 401
741 665
894 20
362 134
232 81
494 152
741 692
759 134
207 866
233 60
610 662
473 814
996 985
234 32
366 36
222 407
471 880
605 824
762 53
89 437
347 631
364 105
869 836
891 155
208 852
229 206
618 436
874 692
870 822
92 378
215 663
224 384
337 977
893 126
742 712
875 685
472 896
734 968
216 645
624 286
361 249
873 764
210 838
734 979
740 793
350 599
881 524
489 391
342 857
341 891
500 58
494 247
498 125
338 990
502 2
216 677
619 472
215 713
102 124
616 575
879 616
746 647
896 94
358 389
79 849
100 203
899 10
483 620
632 97
756 349
617 563
759 257
876 727
764 104
77 922
219 617
737 943
621 444
84 709
606 911
84 715
233 192
103 134
352 607
501 85
364 239
872 883
220 617
353 592
359 407
227 404
367 162
346 816
344 880
629 237
739 925
101 226
474 953
80 880
885 502
360 396
749 625
873 877
884 536
617 622
741 874
353 615
233 240
620 533
747 696
758 356
368 159
209 993
610 858
365 263
213 888
108 49
370 119
769 41
751 600
349 775
885 544
896 205
365 283
887 486
632 200
232 318
212 939
240 73
637 55
741 928
885 560
101 289
754 528
224 576
105 171
107 111
481 805
89 673
91 612
373 64
81 928
237 188
490 539
88 714
220 718
110 33
504 109
742 924
228 477
87 756
215 884
902 67
638 61
879 782
745 843
230 426
497 341
753 597
213 954
371 153
225 588
230 434
889 485
92 618
632 262
226 563
230 441
770 85
904 28
224 634
236 262
376 18
497 364
639 59
765 250
95 542
484 774
375 59
111 59
362 470
366 346
616 788
90 714
96 537
101 388
84 922
226 617
900 203
626 508
351 842
245 33
639 107
508 76
224 689
748 831
114 10
763 371
627 492
748 839
233 421
636 217
229 547
372 217
362 529
508 102
618 789
888 614
226 657
494 541
97 561
100 468
365 445
480 976
641 83
509 81
750 805
85 941
235 387
240 233
746 931
630 433
613 965
87 888
640 131
883 790
226 678
217 962
501 350
242 188
91 775
241 222
903 180
86 932
217 967
356 756
356 758
492 638
907 64
633 367
94 693
245 110
105 361
90 828
378 92
629 503
356 775
239 310
220 900
368 408
638 231
889 644
886 738
631 452
85 996
359 694
88 904
637 270
360 666
878 993
482 983
95 696
242 237
489 772
218 982
226 734
116 51
92 796
879 975
234 491
776 74
747 975
766 387
247 93
491 723
502 383
103 469
514 16
623 733
509 176
893 560
232 573
615 988
102 508
775 125
776 95
489 805
642 158
633 439
109 303
373 313
773 205
360 721
750 920
627 638
507 264
357 821
883 899
755 773
486 921
911 35
231 638
512 123
224 862
623 784
355 903
222 932
368 505
222 937
242 317
491 790
96 748
621 860
907 187
93 847
487 923
895 564
106 448
119 45
893 627
111 296
624 777
768 409
885 878
761 627
634 470
224 893
643 198
107 431
499 567
628 668
230 721
357 882
385 16
775 214
106 475
633 523
120 46
361 772
777 164
113 269
903 355
513 165
629 670
760 708
514 144
765 556
107 475
760 712
358 888
508 335
376 333
108 455
773 321
230 772
506 408
95 865
239 497
505 443
903 393
755 887
378 291
367 633
776 242
363 760
238 540
369 576
912 129
242 424
365 710
771 419
388 5
637 479
502 570
634 576
767 549
379 292
891 805
896 651
119 163
230 818
110 444
624 897
909 255
634 590
914 102
357 986
114 329
247 304
99 804
386 101
624 917
889 894
382 228
227 938
241 504
765 645
771 461
643 336
121 138
896 693
775 349
519 97
652 71
118 243
368 685
775 356
227 961
381 283
112 433
503 600
116 312
509 417
245 412
246 383
629 798
112 443
125 41
509 425
99 848
228 948
890 906
898 658
919 13
383 246
642 412
651 136
381 315
503 629
228 970
383 262
904 495
100 844
906 438
912 253
910 316
520 119
889 969
376 489
780 254
911 291
231 893
891 913
642 444
642 447
773 486
898 708
760 895
914 217
367 792
785 123
249 356
782 220
251 299
500 772
243 548
244 519
366 833
104 764
519 187
511 436
504 659
906 485
370 723
237 751
117 376
513 389
257 134
252 290
390 108
921 31
654 118
897 777
385 267
903 593
922 4
230 977
790 9
500 809
638 627
635 723
918 146
387 235
233 915
634 772
786 157
499 864
913 318
781 315
914 288
103 856
244 581
260 86
627 999
770 663
634 786
118 400
521 195
784 234
119 370
118 404
767 768
770 678
771 648
371 763
502 798
788 124
381 455
116 479
258 173
912 379
389 213
508 626
240 743
651 292
782 328
243 654
660 17
647 427
127 164
901 748
637 749
379 556
766 847
793 10
916 294
383 434
114 582
373 748
104 896
245 621
125 249
367 940
501 882
250 473
788 180
115 569
383 454
765 902
917 286
523 213
128 171
129 140
519 338
119 451
247 580
386 367
512 563
108 801
507 723
770 762
659 109
242 753
895 992
245 663
769 803
121 414
772 721
918 292
795 11
781 447
126 273
640 724
791 143
374 784
392 229
517 451
770 802
241 818
500 981
244 726
246 664
781 463
383 517
522 307
375 769
129 206
113 704
123 394
119 520
2 52
250 556
246 681
248 626
928 28
116 637
914 477
267 55
250 584
771 817
794 104
3 50
135 59
4 27
929 24
640 798
787 339
658 243
242 855
396 177
641 774
267 81
657 281
774 754
382 620
532 67
377 777
643 725
4 57
376 813
646 637
656 327
912 586
395 232
256 446
255 478
384 576
644 714
787 378
130 266
248 707
790 290
915 513
524 357
118 658
526 299
136 104
666 63
400 118
914 568
395 280
909 731
3 149
137 94
778 703
261 347
510 821
258 442
516 636
134 191
778 707
393 355
903 930
904 899
255 539
111 908
133 228
531 178
637 988
6 70
124 508
135 167
396 268
784 528
778 716
263 298
265 236
269 113
123 546
114 827
381 745
523 439
663 196
519 565
668 42
379 811
795 203
526 351
655 450
253 625
792 302
645 765
796 182
378 854
391 453
112 911
663 215
533 150
256 556
927 238
662 264
258 501
381 784
510 881
641 916
918 521
908 832
649 670
903 989
400 199
134 254
123 596
245 916
782 654
380 829
670 33
792 347
781 690
269 183
924 358
508 970
922 424
788 485
10 28
398 289
263 381
509 947
517 699
780 738
129 440
399 263
776 867
139 135
804 0
664 246
261 452
784 623
919 534
403 150
121 702
537 96
522 562
401 218
905 981
391 532
921 486
916 642
926 332
120 743
397 353
140 129
247 910
387 667
139 164
139 166
399 298
518 706
114 945
400 275
11 47
926 354
531 312
929 278
665 273
133 382
140 175
542 1
134 362
266 366
512 934
797 291
132 427
392 563
396 440
922 518
908 953
383 845
932 211
259 596
779 860
513 915
114 999
126 627
918 652
540 84
658 522
14 8
932 222
272 203
533 304
803 127
779 872
536 215
804 99
912 851
118 891
129 553
937 83
253 811
514 913
122 779
535 264
783 768
803 148
789 583
14 43
392 617
675 37
803 165
539 158
410 63
513 967
116 991
140 247
262 561
936 147
668 265
783 797
807 56
674 89
527 551
271 296
911 938
280 20
388 771
542 95
254 834
515 939
383 936
382 968
394 596
913 891
268 408
149 3
515 945
666 360
525 636
655 703
939 91
524 669
12 158
650 860
807 89
653 772
910 999
279 82
5 386
5 388
149 23
412 62
666 380
662 507
255 838
401 408
407 222
270 375
125 775
387 847
652 824
661 545
122 872
519 853
264 569
545 50
802 275
262 632
127 722
253 912
648 958
516 956
541 184
803 254
253 921
1 542
259 739
519 871
405 314
941 85
145 187
659 638
658 671
518 917
921 713
649 954
785 835
16 100
141 322
670 307
384 992
402 434
516 997
120 986
7 396
920 765
410 193
787 797
272 385
128 754
938 223
940 162
519 926
261 733
938 227
793 630
256 896
284 30
796 542
681 15
386 971
807 211
921 773
792 677
264 662
396 666
261 759
283 79
524 802
132 668
144 296
277 272
932 447
153 21
925 666
940 203
535 471
929 545
549 40
270 498
521 910
151 96
393 788
924 712
154 7
130 752
919 869
921 808
811 129
140 455
395 746
524 843
676 227
795 634
400 594
147 246
547 134
138 529
402 539
282 164
803 397
23 3
529 702
541 330
147 259
682 63
655 901
678 188
2 665
414 181
408 368
412 245
683 36
274 430
266 683
403 533
684 14
146 309
15 275
409 349
930 582
948 24
678 204
799 549
925 739
286 71
402 571
412 261
675 301
153 100
793 740
801 493
271 541
533 613
804 406
816 36
677 250
923 820
395 805
276 402
400 654
534 596
417 128
132 772
528 784
141 498
805 395
924 802
411 325
13 376
809 277
272 542
405 515
128 911
131 819
396 800
397 769
420 60
934 512
545 284
665 660
413 282
287 94
260 932
277 405
544 320
421 38
139 589
258 996
0 804
398 754
530 758
141 530
266 752
680 208
21 158
802 524
136 693
276 449
532 705
129 912
270 637
281 296
408 456
528 832
658 898
682 154
813 189
134 759
951 9
16 325
397 803
270 646
657 938
408 472
942 302
273 562
660 853
286 164
922 928
275 510
532 736
418 176
524 986
818 64
140 603
394 922
282 299
810 315
816 130
281 333
288 119
685 100
146 427
658 942
157 91
813 235
949 115
675 421
676 390
678 331
405 604
803 555
681 246
934 596
821 6
819 69
138 702
942 356
797 756
818 105
142 583
129 987
800 666
158 91
675 448
275 562
7 679
265 873
553 140
672 547
20 280
945 277
952 62
280 415
552 176
926 871
667 713
952 72
417 277
422 122
531 841
418 251
28 55
945 300
952 84
11 588
143 593
23 218
8 684
13 531
161 39
160 71
276 571
800 713
538 644
2 878
668 714
268 829
284 333
688 97
283 365
287 241
131 982
542 531
132 955
18 395
687 138
150 403
808 486
536 729
152 346
673 579
804 614
935 649
292 104
664 868
27 138
288 241
133 951
271 774
280 496
540 628
679 419
267 904
554 200
821 120
957 4
813 376
943 442
287 303
538 714
532 902
18 453
692 39
949 264
3 921
17 487
684 290
662 974
22 335
543 568
153 371
282 471
418 351
21 371
156 284
806 615
137 878
266 979
425 149
800 812
150 483
803 722
24 296
549 409
955 112
536 814
141 775
290 252
286 377
800 829
945 431
809 555
549 427
684 340
953 195
556 216
9 790
942 544
163 119
798 915
6 893
4 957
946 427
676 607
272 844
552 358
821 212
272 849
666 925
166 42
424 237
427 146
933 844
153 449
948 382
149 578
406 804
293 212
8 856
11 763
298 66
157 342
536 884
14 684
672 766
801 865
416 516
937 749
149 602
295 172
412 642
19 539
15 664
142 825
431 59
546 592
28 267
931 946
936 793
945 515
693 136
669 882
818 361
957 148
426 230
550 482
815 459
403 944
561 144
428 174
429 144
403 951
950 378
278 732
409 767
37 12
147 699
415 584
539 838
824 195
289 398
678 629
289 403
431 98
285 529
150 620
404 938
563 105
827 114
14 744
139 966
19 591
956 217
166 132
828 90
942 654
301 46
17 660
19 598
953 316
688 340
689 309
155 481
696 95
536 960
282 643
285 552
418 526
551 499
934 919
30 273
563 134
536 972
944 613
31 245
560 231
158 406
274 906
936 864
296 227
542 796
38 37
24 474
542 801
687 404
700 1
822 315
936 877
559 277
670 935
29 327
32 234
149 711
823 299
159 408
409 850
435 44
936 897
561 236
670 954
19 656
547 672
963 66
955 315
818 468
420 520
37 106
822 348
548 654
421 496
167 179
148 769
39 53
827 201
671 942
683 574
690 357
820 423
14 835
561 262
17 743
805 891
561 265
819 459
294 351
14 840
694 240
563 206
19 687
565 145
305 17
297 266
681 650
410 861
947 602
570 2
406 992
158 490
687 475
162 367
563 226
160 433
939 860
286 624
28 433
157 531
550 640
825 308
303 109
42 10
423 487
942 782
411 860
673 930
438 25
430 274
695 256
143 986
167 247
168 217
693 326
289 563
690 420
569 83
277 945
291 511
285 700
34 290
942 814
17 820
43 14
153 701
279 891
414 806
942 827
541 973
551 663
817 609
147 908
169 229
548 768
544 894
146 946
430 335
300 270
830 224
557 500
172 149
299 308
681 755
943 827
174 92
698 232
684 667
692 420
41 125
431 323
35 314
821 524
433 267
436 174
25 628
702 121
826 373
701 153
813 780
431 336
965 167
961 296
165 397
948 700
955 484
44 54
297 403
821 545
420 690
420 692
826 397
299 351
951 620
282 880
817 679
437 173
697 305
971 5
699 246
421 675
677 931
545 929
689 564
25 670
298 399
958 419
432 342
291 618
961 328
566 287
283 869
160 587
680 851
429 441
280 969
556 605
704 113
695 393
160 595
837 89
677 954
36 346
559 519
566 303
39 258
565 338
834 191
964 259
24 732
556 624
304 247
809 981
824 516
817 735
303 288
824 521
701 241
545 983
166 445
29 598
556 645
678 962
568 279
42 202
444 31
550 841
33 485
682 846
815 819
20 889
300 405
21 866
419 817
436 291
569 264
550 855
817 771
970 124
835 214
300 417
307 200
432 421
442 114
839 96
439 211
686 746
695 467
974 10
26 727
309 146
687 720
559 593
560 562
572 193
820 697
814 884
555 722
838 142
812 949
415 969
963 365
952 709
954 649
553 797
680 959
574 150
296 580
22 883
691 624
824 599
35 484
42 274
709 78
47 123
284 968
32 592
286 910
711 31
571 276
578 60
427 647
710 66
177 206
155 891
173 333
166 555
310 190
164 624
167 531
813 987
291 787
842 93
167 539
179 167
448 20
558 706
710 97
559 684
291 803
424 777
171 429
427 686
171 434
158 838
833 398
448 46
969 280
957 653
165 631
688 802
707 213
447 82
841 157
183 77
292 794
308 299
168 544
838 255
312 178
573 279
158 858
172 425
313 151
976 78
704 319
30 734
562 627
566 504
163 711
567 476
24 929
48 185
445 166
688 825
957 678
554 884
689 795
838 273
973 184
164 691
290 883
26 876
53 39
707 248
50 136
185 48
439 367
565 559
690 781
567 499
427 746
552 968
576 224
51 116
176 339
172 464
957 706
173 437
578 172
959 651
966 437
302 543
692 741
32 723
55 10
953 844
293 828
567 527
979 45
838 323
35 641
174 428
316 126
696 635
830 578
55 28
438 445
706 331
302 568
443 293
583 49
42 438
441 361
714 90
48 257
172 509
52 137
841 254
305 487
700 530
160 889
707 326
303 566
976 184
172 534
443 325
28 904
556 920
582 114
32 784
189 13
961 657
298 732
315 205
291 950
953 908
449 153
825 789
40 549
844 203
697 665
27 957
446 256
43 462
28 928
56 63
709 300
432 698
179 351
840 340
837 437
704 469
172 578
185 176
971 386
717 69
965 574
174 521
434 653
967 516
37 675
50 272
708 354
580 227
578 295
46 407
323 12
315 261
821 961
576 369
843 286
165 826
45 451
163 889
569 591
46 421
307 522
566 686
832 635
304 620
57 87
451 163
841 362
567 668
965 620
455 48
36 750
181 353
585 119
971 445
830 722
184 271
189 117
822 977
824 918
822 982
698 731
695 826
46 466
964 682
61 6
302 729
693 896
170 728
434 738
170 731
698 747
451 218
842 387
965 670
579 351
957 922
315 347
981 181
715 237
456 75
968 587
703 612
439 606
968 591
56 193
192 73
437 674
454 147
831 748
49 418
184 330
434 772
308 583
166 890
186 271
571 624
193 56
445 438
434 780
167 866
697 820
581 324
964 739
705 577
62 31
178 531
568 730
845 335
317 320
712 363
586 175
38 780
38 784
693 959
977 347
34 910
59 135
39 757
40 726
850 194
702 687
960 884
46 547
587 160
188 242
957 980
440 624
36 863
718 204
583 294
317 353
185 352
852 156
307 670
835 688
718 220
40 767
322 217
326 94
298 963
586 227
189 248
589 139
962 867
564 924
841 531
52 417
323 210
575 593
446 498
182 493
452 315
185 405
320 317
183 469
576 575
63 95
589 173
829 925
703 736
592 82
697 923
321 294
961 938
174 761
181 546
318 395
578 531
172 830
193 180
311 618
569 812
843 510
39 860
588 225
849 328
331 4
330 37
716 359
53 437
64 96
168 969
843 524
727 26
311 636
58 289
719 282
48 607
325 212
324 244
437 837
177 706
310 680
991 51
721 230
39 893
845 488
833 863
705 736
993 2
855 188
985 254
444 642
983 317
450 458
852 284
972 663
319 427
440 773
976 541
59 299
198 87
590 224
453 376
698 975
445 628
584 415
988 181
596 47
593 143
711 585
314 606
857 157
175 823
570 869
572 807
190 364
596 68
440 811
319 469
715 481
723 234
707 732
967 867
306 879
598 19
721 304
180 695
308 823
593 180
858 158
726 155
974 662
305 923
191 362
968 852
463 124
447 621
861 75
978 544
569 937
714 538
441 812
438 906
836 857
188 466
700 979
591 264
39 996
322 416
595 146
731 30
445 705
990 196
335 22
583 526
727 158
189 453
995 44
568 994
978 572
60 359
450 558
441 839
63 271
330 186
56 489
457 347
193 344
204 4
575 791
721 361
468 16
577 736
842 713
981 500
175 912
996 39
321 486
201 114
456 401
187 555
456 408
59 431
187 565
980 558
468 49
984 437
718 493
732 59
180 788
448 675
451 585
178 857
602 3
715 597
845 664
983 482
975 731
996 85
59 462
325 411
717 547
713 672
981 557
193 410
203 100
717 550
467 110
852 465
987 376
851 497
600 87
999 6
197 296
319 610
723 374
175 981
843 753
323 490
597 188
862 165
471 0
322 525
309 931
575 879
578 786
854 428
336 107
846 682
712 742
865 95
73 74
177 948
177 951
313 831
66 298
595 284
855 416
983 545
339 33
731 170
712 760
65 339
74 60
469 103
837 984
64 373
184 750
44 995
188 629
332 263
706 957
469 113
841 869
71 164
720 529
979 693
208 19
324 519
473 1
860 293
328 404
339 65
315 810
729 264
180 903
461 389
847 713
582 737
734 121
729 279
466 242
579 837
979 725
736 67
461 401
200 307
329 405
465 285
986 524
866 150
984 589
709 927
207 107
336 207
189 670
606 35
202 274
319 744
315 870
338 159
188 715
847 766
998 184
709 952
730 302
576 982
589 579
211 10
587 643
588 612
48 969
56 722
193 572
716 744
725 465
975 909
462 431
194 549
59 639
203 272
72 238
713 847
856 510
974 949
199 400
324 621
863 297
870 82
602 199
868 147
607 48
80 4
859 431
864 278
992 406
71 286
602 211
192 634
468 272
69 355
467 306
314 955
334 335
55 793
59 670
850 726
448 902
731 321
65 488
73 240
738 105
983 707
321 755
206 226
331 450
474 115
844 933
847 842
186 854
861 410
606 128
330 494
581 907
587 725
187 839
607 108
208 190
463 477
327 598
984 713
725 552
737 182
857 562
332 456
997 322
608 94
57 798
472 221
608 104
77 183
852 734
192 716
850 799
726 549
189 813
990 559
845 959
868 246
872 122
330 541
460 608
989 593
725 587
592 615
611 29
341 208
582 930
329 582
473 216
742 72
593 599
336 375
875 50
204 372
480 8
474 195
464 509
995 435
67 532
998 345
479 51
724 649
593 616
211 171
458 706
604 277
341 239
982 848
63 666
214 82
73 359
867 322
596 534
605 256
609 133
980 922
330 601
588 795
986 745
719 831
68 534
330 604
79 197
719 839
614 0
61 761
343 211
738 254
981 914
454 869
612 67
981 916
322 867
191 834
599 474
84 57
214 125
334 502
459 724
54 995
856 709
729 554
867 372
878 36
85 45
209 298
594 654
80 205
338 400
604 347
853 820
59 859
584 969
589 814
460 719
208 341
850 922
480 108
335 508
480 110
58 905
848 992
211 260
722 803
218 45
588 865
606 314
209 334
730 568
600 503
197 714
70 560
870 347
455 928
603 440
871 324
873 262
877 138
327 805
861 635
875 203
344 282
474 350
340 409
341 378
463 692
721 886
732 545
864 551
871 338
598 611
602 488
613 150
195 824
471 460
461 771
864 567
466 618
58 981
69 640
724 815
871 354
878 137
67 703
199 707
341 401
729 663
724 819
880 80
211 343
601 541
337 536
74 498
219 102
856 835
85 161
75 472
346 266
472 456
212 325
339 485
214 267
338 519
199 733
750 36
608 344
726 783
354 33
593 825
340 480
351 142
883 34
738 434
336 610
83 264
84 238
588 998
463 781
75 525
472 506
878 209
998 588
614 205
69 717
743 305
747 181
985 996
615 181
69 724
76 508
986 970
213 358
732 653
733 623
752 36
994 730
732 661
992 793
341 497
877 265
596 785
608 413
733 635
872 422
731 698
213 373
347 315
863 703
477 382
864 673
204 655
489 13
64 901
352 166
465 759
735 582
607 455
205 630
77 503
220 169
869 531
334 738
346 366
616 188
220 177
610 375
744 317
481 279
488 65
87 213
609 419
63 964
65 904
212 443
746 273
750 152
605 556
220 204
863 752
867 636
196 960
862 795
730 792
348 347
75 619
210 532
864 744
217 322
88 226
82 414
73 694
471 644
69 819
354 176
461 958
617 219
735 657
617 220
725 968
476 499
879 294
67 892
734 696
996 770
360 7
87 281
91 157
212 505
351 294
356 141
874 470
993 878
868 659
493 1
993 885
728 909
226 88
991 951
332 903
489 135
471 696
487 200
599 824
888 57
330 976
80 535
229 12
619 212
77 632
213 513
227 79
347 457
754 128
599 839
757 37
339 708
332 926
596 934
331 960
331 961
484 314
340 684
617 289
615 353
337 780
595 974
340 688
73 776
888 87
73 778
487 232
877 431
350 385
216 444
223 227
474 638
222 260
880 344
610 526
625 65
627 6
992 982
205 804
730 914
339 749
353 317
478 539
203 875
757 85
224 225
337 820
201 943
749 339
70 910
748 373
880 378
227 144
495 28
618 311
485 339
742 564
883 290
80 608
345 588
333 961
861 978
465 968
615 414
98 59
203 900
485 354
225 224
598 949
622 206
228 133
334 945
351 418
496 20
607 676
747 432
744 527
470 834
885 258
85 484
355 306
879 446
88 392
735 817
882 357
365 1
212 650
628 42
78 709
204 901
